115
d -0.49499998986721649441 -99.117391225853054948 100 89.916591272205309338 90.084511301669351724 1
d -0.64247232705821910592 0.86375001072883594855 0.018750002515103069561 90.084511301669138561 269.91548869833087565 1
d -0.64255330839743907134 0.8088474651510483282 0.036152602786452277261 89.915488698330733541 -8.9615407695093107776 0
d -0.55228756755970065395 0.79461287964700111353 0.055228617349075519172 171.03845923049064481 179.82680615850304662 1
d 99.392027200928424691 0.49250000715255126682 100 179.82680615852166284 180.17618480239173095 1
d -0.64496587709025909874 0.18488479431698290334 0.037466037533783358437 0.1761848023917688133 -86.226248640951652646 0
d -0.64142813693662126262 0.13124999776482579317 0.016285306696718977043 93.773751359048645782 257.60362377685618185 1
d -0.64174317069857333973 0.12981670981483417471 0.014817805208215175869 -102.39637622314388921 -90.08409013987943581 1
d -0.49499998986720428196 100.11489122078666014 100 -90.084090139836590083 -89.915488698330634065 1
d -0.34752396519235545513 0.13124999776482582092 0.016250013355638949497 -89.915488698330619854 89.915488698330619854 1
d -0.34745458653890848311 0.17828632390712190192 0.030786363953439602192 -90.084511301669394356 -187.47031469642323032 0
d -0.43571196799458195015 0.18985911251817091938 0.058226527346912401728 -7.4703146964232578497 -0.17350174875911364425 1
d -100.37702721523353944 0.49250000715256347927 100 -0.17350174875911322792 0.17618480239178979652 1
d -0.33920972145545130738 0.80011775507861671031 0.038290457190898595508 -179.82381519760835431 -257.49585684059644564 0
d -0.35248983519142595977 0.85999998450279246942 0.023046667143798143379 -77.495856840596459847 69.746271156536721492 1
d -0.34944509531463091578 0.86825145928820546271 0.014251368567191877168 69.746271156536607805 89.916591272323969974 1
d -99.272423408199031769 0.75124999880791321072 100 -0.069603106829203398309 0.070903545927485225886 1
d 0.70500001311302173956 0.87497215621808521746 0.022500025572997201656 0.070903545927430894347 179.92909645407257813 1
d 0.65348564528901353921 0.87503590529769426087 0.029014381695769711489 -0.070903545927227001888 -136.32632458611857373 0
d 0.54394103563206930296 0.77044905284348941255 0.12244000487381728748 43.673675413881383633 101.00139014196207654 1
d 0.52130098076669328933 0.88690695243988726393 0.0038018387437227072097 101.00139014196273024 179.98529908115131093 1
d 100.51749585049742564 0.86124998331069335666 99.999999999999985789 179.98529908047146364 180.01491386531634475 1
d 0.51974523065042588232 0.83522096283061075805 0.002245992527306454184 -179.9850861346845079 -79.872845239465490863 1
d 0.53695411202848397636 0.73887535549782412669 0.095624440447150058087 100.12715476053573127 -2.3226438640740028063 0
d 0.7617880698339317691 0.7297560895416673743 0.12939438008580217421 177.67735613592597588 232.21045803530984131 1
d 0.70500001311302185059 0.65651776869801448111 0.036718951701925128805 -127.78954196469010185 -55.989412231778821649 1
d 0.72304535843191752864 0.62977510523142798959 0.0044574493040935711172 -55.989412231779297713 -0.069603106829691216428 1
d 0.53489131749465057553 0.49874999746680259705 0.38878880629413314907 99.603432755105174579 260.26068254417191383 1
d 0.4696105301990898262 0.11841333844742976678 0.0028904318690173100986 -99.739317455828398806 -0.015233475219567471637 1
d -99.527495503576943747 0.14499999955297129817 100.00000000000001421 -0.015233475219612359342 0.015567622266339465817 1
d 0.47041889811635334562 0.17217006007688862024 0.0020819071688495636996 0.015567622266106688478 105.6152529991881579 1
d 0.45749999582767486572 0.21839285717935014164 0.045912311319628265616 -74.384747000812254214 -185.58823618102638875 0
d 0.26099535660039341334 0.23761957263505745219 0.15153069267154581357 -5.5882361810264322699 -0.14769208278347686902 1
d -99.587142224095146048 0.49499999731779709133 100.00000000000001421 -0.14769208278348086583 0.1532663876905856204 1
d 0.47751990165585705972 0.76267391694822361803 0.065020140246592153521 -179.84673361230943556 -261.28578481402962552 0
d 0.46680610535040856224 0.83257290032548403325 0.0056951573095178446848 -81.285784814029810263 -0.012850507397922096911 1
d -99.527496222325225972 0.85499998927117004666 100 -0.012850507397865222267 0.014325999163165931138 1
d 0.47038369558972425999 0.88000304509920146412 0.0021169562548250127863 0.014325999163863329874 99.60343275510403771 1
d 100.51749653799785733 0.14624999836086613469 99.999999999999985789 179.98664287446612775 180.01353612860324915 1
d 0.52056024712422943601 0.1226257205126261296 0.0030609185083737976314 -179.98646387139680769 -98.326627981163127856 1
d 0.54588778517800251588 0.29567662086741114402 0.17795545329281767244 -98.326627981162133096 7.0441379381080126976 1
d 0.69875001907348643915 0.31456528756828977533 0.023930636197472470589 7.044137938108054442 172.95586206189202017 1
d 0.51082779951607881763 0.33778619753704086648 0.16542081286790774608 -7.0441379381079993749 -86.680317158745396 0
d 0.52058553720895361927 0.16956186057451916316 0.0030862819125880630242 93.319682841253978722 179.98664287418839081 1
d -100.53198401943338069 -0.40375001356005058017 100.00000000000001421 -0.18274424521177148883 0.17485986346238838185 1
d -0.54858152925172853909 -0.098611685122728165442 0.016131886623122621005 0.17485986346238580058 89.932570027553992986 1
d -0.66625002026558532986 -100.08241055793691032 99.999999999999985789 89.932570027542666935 90.076633123165876782 1
d -0.79996991814967588486 -0.10500000044703483582 0.02250001729399664363 90.076633123165606776 269.92336687683433638 1
d -0.80004365436449798032 -0.16012983481641768213 0.032629866386498840303 89.923366876834251116 -4.1655035316360145004 0
d 99.232104508052756842 -0.44375000894070282254 100 179.83885539913475782 180.16114460086524218 1
d -0.79751818083520997771 -0.7250844503607827285 0.030018316249543826324 0.16114460086508095027 -94.742469430253279938 0
d -0.80176293933768871813 -0.77625000476837158203 0.021323011475596936187 85.257530569746123206 274.74246943025383416 1
d -0.6525000035762725803 99.202391204373412847 100 -90.084511310207105339 -89.915488689792894661 1
d -0.50503133903156460782 -0.77625000476837169305 0.02125003265280938497 -89.915488689792752552 89.915488689792752552 1
d -0.50495922387097957884 -0.72735842642442927186 0.027641598876095681975 -90.084511310207105339 -182.52422182948762952 0
d -0.6167640430908020166 -0.72242956605452290919 0.084271810799971300088 -2.5242218294876614948 -0.18274424521180537839 1
d 99.527498003576340579 -0.10500000044704095592 99.999999999999985789 179.98970160538769392 180.01031324015059454 1
d -0.47091267935537478584 -0.12299971428203498869 0.001587697094041817629 -179.98968675984949073 -78.036668443255976513 1
d -0.46057834847184681015 -0.17177238163975297458 0.04826780888069329839 101.96333155674440718 9.9223854365417309964 0
d -0.44793031646886138919 -0.16955985423445182891 0.035427715770915947646 9.9223854365417309964 -0.071130527855361391776 0
d 99.587420310627109643 -0.29374999552965774807 99.999999999999985789 179.92886947210990911 180.0723359358995026 1
d -0.45933066424021995466 -0.42005911065117790271 0.046830707522572900814 0.072335935899416600736 -101.01227951206280409 0
d -0.46895384783327082046 -0.46950951349431618853 0.0035473432913899396318 78.987720487937593816 179.98611073568503116 1
d 99.527495870767296537 -0.49374999105930938992 100 179.9861107365855446 180.01495444001122337 1
d -0.47083034170733317758 -0.51984997638517482788 0.0016703814222472229429 -179.98504555998727028 -66.164009192645181656 1
d -0.45284091470655435385 -0.56056817531914071573 0.042844685782491058468 113.83599080735422149 -13.008455319861118582 0
d -0.35759202535367839992 -0.58257291999206395339 0.054912972286209359163 166.99154468013890096 179.96421227441007318 1
d 99.58747550596245901 -0.6449999809265197781 99.999999999999985789 179.96421227438088408 180.04010704483641803 1
d -0.33960214303433372551 -0.71494894527096475301 0.072897868865178211406 -179.95989295516358197 -86.797816148765519983 1
d -0.33161673446148487443 -0.85768083057410204884 0.070057221398384189603 93.202183851234494227 87.246014858643917478 0
d 4.4765095614267540469 99.096800178616973653 100.00000000000001421 -92.753985141353510357 -92.696193917567256904 1
d -0.22209865383758392587 -0.67780268791014286478 0.11482444159319016297 -92.696193917567242693 -3.5937144332701311811 1
d -0.12689365442958944197 -0.68378199314616572302 0.01943186324779810209 -3.5937144332701635996 123.08088965163582884 1
d -0.16499999910593032837 -0.62528433836306263061 0.050382670480611180253 -56.919110348364249319 -119.77280068647218059 0
d -0.18757186902746489365 -0.66474046560043686949 0.0049263696156425984193 -119.77280068647203848 -180.03565939323263478 0
d -100.19247887023094279 -0.60250002145766601291 99.999999999999985789 -0.035659393232711264488 0.037242257939937961631 1
d -0.2833140491985978171 -0.53755905298724115937 0.090814073151442964438 0.03724225793993357625 94.95940855657701718 1
d -0.29147002610060923633 -0.44356893115111889481 0.0035292517952391520494 -85.04059144342281229 -180.00920649755562408 0
d -100.29499798688779322 -0.42749999463557586399 100 -0.00920649755518132204 0.010425871031259966587 1
d -0.29244481273038996916 -0.40930295215603440528 0.0025548297768939877243 -179.98957412896817232 -250.12610793698883072 0
d -0.35138513700774076653 -0.24624999985098838806 0.17082402441620214706 -70.126107936987978064 63.683894756338382592 1
d -0.31048479539642848124 -0.16355297710090463403 0.07856549898006744137 63.683894756338361276 89.957989124883837917 1
d -0.38374999165535583767 -100.08496061806958721 100 89.957989124876618803 90.049689252614726342 1
d -0.47047232807195116244 -0.087026275702470637374 0.0020280530450121118068 90.049689252614498969 179.98970160511089489 1
d 97.685533848789788181 -23.114569453909560082 100.00000000000001421 166.77800823842531486 167.06645955366175826 1
d 0.18412487236715266437 -0.72368729398463782498 0.039374029865208257095 -12.933540446338167129 -99.686377041632937335 0
d 0.17365950358695861344 -0.78499999642372131348 0.022825418879045523968 80.313622958367119509 279.68637704163285207 1
d 0.2575000002980293301 99.192467995221974775 100 -90.04583663174405217 -89.954163368255962041 1
d 0.33748200594675470398 -0.78499999642372131348 0.022500015544657414601 -89.954163368255962041 89.954163368255962041 1
d 0.33754225386649316931 -0.70969012618032600859 0.052809878797911352644 -90.045836631744094802 -170.02018357431506956 0
d 0.30307971194338806376 -0.71575428535770424521 0.01781786796214544083 -170.02018357431524009 -192.4366627350763963 0
d -97.367787292249701636 20.824107128264916611 99.999999999999985789 -12.436662735073635844 -12.222564676639128933 1
d 0.32912888714274851631 -0.33899160088744817454 0.037186020085013773984 -12.222564676639143144 16.674823865634557762 1
d -95.430115857999552986 -29.022283333584855569 100.00000000000001421 16.674823865622180108 16.726436286414507748 1
d 0.33765007142464198431 -0.24240544609923214692 0.0012681963837983232807 16.72643628641449709 166.77800823825120347 1
d 95.244198195980089849 31.420165992666060362 100 -161.5726189297983808 -161.34294254091702214 1
d 0.49208839349997923751 -0.57252193977605747577 0.0074716866888646336908 18.657057459082665218 -90.031990653553407356 0
d 0.43625000119208678928 -100.57997803799815983 100 89.968009346438748253 90.0362097269496644 1
d 0.37305470456826184122 -0.58410387392267226758 0.0041058668750354699803 90.036209726949550713 163.28753731916413017 1
d 96.145118971300703947 -29.339808517905929364 99.999999999999985789 163.28753731904720325 163.31428984792830761 1
d 0.35745890288846182692 -0.62817154171827926934 0.0018304205817672896447 163.31428984792938763 269.95485520340628227 1
d 0.43624998629093780789 99.369966996952840077 100 -90.045144796432992962 -89.95803205676624259 1
d 0.50950598073129671484 -0.64109457550700765793 0.011088401692117756669 90.041967943233942151 18.410101611703922231 0
d 95.402061477492338781 30.944039816880803073 99.999999999999985789 -161.5898983881594404 -161.5355980690017077 1
d 0.51934634391117662222 -0.73773542227618216227 0.032317345069910512201 18.464401930998349144 -93.275216602765837592 0
d 0.51642700154006782043 -0.78874999284744262695 0.018780687871190599597 86.724783397234077142 273.27521660276590865 1
d 0.6599999964237274197 99.192398463911402473 100 -90.081646520951622392 -89.918353479048391819 1
d 0.80247329074016926498 -0.78874999284744262695 0.018750030958082929827 -89.918353479048590771 80.9265181311437658 1
d 0.80619600225846488328 -0.76543924803315266381 0.0048560997042132146573 -99.073481868856418942 -163.2050141578881437 0
d -94.932931766418178654 -29.661644147908081237 100 16.79498584202859135 17.199137398699878787 1
d 0.57189510635616491729 -0.0995373417178219283 0.024552440015548300523 17.199137398699885892 89.957364264669621434 1
d 0.49749998748301849094 -100.07495722173376862 100 89.957364264674765764 90.048216879198818674 1
d 0.41335528632922302616 -0.086422366095506505945 0.011429738655031664377 90.048216879198832885 162.32158970264760001 1
d 95.680062979806379531 -30.450358016032165409 99.999999999999985789 162.32158970239507312 162.37987892417430658 1
d 0.38730474952596827265 -0.18487809410954308964 0.016456123825153053108 162.37987892417430658 198.42738107021079941 1

Metadata: 
LoopIdx: 0 16 27 38 44 56 84 95 