209
-0.42273009373581499348 0.83161201870809164927 0.050460921154115045972
-0.49596109306925895144 0.77098526780360887578 0.11050726670239138794
-0.56919897211455305897 0.83930691177807825731 0.042841579772748474009
-0.64247232705821932797 0.86375001072883594855 0.018562502489951816786
-0.59187716973239334894 0.85209376688665305899 0.030163386337507373108
-0.55228756756076791135 0.79461287964708637865 0.054676331174524875345
-0.49250000715256214701 0.71829703856060245215 0.11406540028240885754
-0.49250000715255759509 0.64216218640073075008 0.11420706198383934193
-0.49250000715256303518 0.56602750814525637502 0.1142912719135404237
-0.49250000715255648487 0.4898929153271134318 0.11431803031613928245
-0.49250000715256003758 0.41375831947958913171 0.1142873372693641032
-0.49250000715255976003 0.33762363213595625311 0.11419919268405333279
-0.49250000715255726202 0.26148876482906246999 0.11405359630414625693
-0.59829220570371444143 0.14132275295292417994 0.026114389950560534803
-0.64145948389720530702 0.13125236097883347108 0.016091332074430586552
-0.64174317069857311768 0.12981670981483595106 0.01466962715613479018
-0.56816671896353931892 0.15861860231687716083 0.043263596943281697194
-0.49463287210734258048 0.22788063470646235942 0.11185951911271438397
-0.42109954507202151941 0.16001084800964329724 0.04464138543670316539
-0.34752396519235545513 0.13124999776482582092 0.016087513222082554937
-0.39012987544143701291 0.14089720584060180797 0.025691472239903260372
-0.43571196799458505877 0.18985911251817114143 0.057644262073446340955
-0.4925000071525625911 0.26623329168481402185 0.11406434805072913907
-0.49250000715255404238 0.34243524272286324228 0.11420646399915321267
-0.49250000715256281314 0.41863701908118894357 0.11429102686499920116
-0.49250000715255587425 0.49483870946100844135 0.1143180368943653713
-0.49250000715255182193 0.57104040256313881585 0.11428749416583840193
-0.49250000715255259909 0.64724218708841019243 0.11419939859053898634
-0.49250000715255337624 0.72344415173807741226 0.11405374991211685021
-0.39723728779899480923 0.84653985426966182892 0.035660903767231535988
-0.35198501672661325346 0.85996579255181382351 0.022315285152604200786
-0.3494450953145135097 0.8682514592888600502 0.014108854880861537023
0.68454159302307016066 0.69110314129931860183 0.04258673374187159355
0.67975880273744704319 0.75238430334845607383 0.047339604800935235207
0.68676152102329013349 0.81366696098243151969 0.040387627605567792688
0.70500001311302173956 0.87497215621808543951 0.022275025317267008185
0.68140395782315454909 0.80524004075920729839 0.045696472096895514314
0.58659461981585481194 0.85338310840585629435 0.028888426605381965079
0.55704312375008968594 0.86241881248149998562 0.029246249151314705761
0.5213009807666931783 0.88690695243988726393 0.0037638203562854076131
0.54427965327079308455 0.86106420282677620381 0.026515964574730249009
0.51974523065042588232 0.83522096283061064703 0.0022235326020332820199
0.5877444909155888908 0.85283046968889930639 0.028845684019865387021
0.64980838995614809139 0.80892240843036400388 0.036829288288594649869
0.68156656475230958936 0.70697240992742582666 0.045540217812413054388
0.68763539567483722426 0.6796777725111486923 0.039516417247563252746
0.70454672170295051803 0.64277731685386685356 0.02274131470023043472
0.72304535843191708455 0.62977510523142832266 0.0044128748110531775331
0.39705727667498097455 0.82360004936490094352 0.035547635687230683121
0.344581174649047417 0.75707251959529830998 0.067253627611301450284
0.31366500896028276513 0.68591430271052133971 0.098020241353365844539
0.29398838485439715562 0.6206719162324461081 0.11760242664680170543
0.28302449810442253941 0.55901355656947693262 0.12851463486312941775
0.27948019222094722114 0.49905286864581205331 0.13204372643094994255
0.28295482380386305366 0.4391011183425288511 0.12858843527362290304
0.29384069550847008445 0.37747058902968860794 0.11775845299009193856
0.31342050300428653253 0.31227823363566475923 0.098277468957040162167
0.3442053797083117761 0.24119872966154110028 0.067646799034224269764
0.39495079824822670878 0.17109865975379853764 0.032179120001707042786
0.4696105301990898262 0.11841333844742978065 0.002861527550327143659
0.44775611891366279282 0.14529152569468234413 0.024500893313523095657
0.47041889811635329011 0.17217006007688856473 0.002061088097161115941
0.40953916573284970815 0.1612079905348640374 0.028435242739294236403
0.34819636866538028475 0.23325104049216019431 0.063578120189200323931
0.31335835442066006795 0.31244910271586973094 0.098339305207422095245
0.29157791420161893736 0.38743686047156644658 0.12000972291011002824
0.28077163431769336377 0.46238822588440103845 0.13076000874683196828
0.28093236354090056484 0.53732798500652856344 0.13059727781540494962
0.29206020916267638743 0.61228091090609970681 0.11952142242934533922
0.31416253717188263872 0.68727179099422386344 0.097525111939620476309
0.40201455053611812041 0.82731273996864318487 0.034030461068402073632
0.46680610535044481102 0.832572900325452947 0.0056382057363753594267
0.45096940538333168957 0.85628732146215236209 0.021319020363503162624
0.47038369558972409346 0.88000304509920124207 0.0020957866922770361333
0.54586920242609227039 0.14609383303512141206 0.028088937663192647953
0.52056024712422943601 0.12262572051262606021 0.0030303093232899695753
0.57821235350722044455 0.15279391347528359368 0.031147332924857978192
0.62626133910224734969 0.17571425058703940558 0.03322154949947035002
0.66449808303101209894 0.21230301509139734573 0.032644467933655385572
0.68969246139471540591 0.25974206035914337853 0.02943172307425710385
0.69875001907348643915 0.31456528756828971982 0.023691329835497824258
0.68558940940928392305 0.24892050855544597954 0.030330794069520630035
0.64690901950089430006 0.19255865878329739282 0.033263633117222718427
0.58873462600841364178 0.1562673616068958049 0.031789249275556624719
0.52058553720894773509 0.16956186057452471427 0.0030554190934541773129
-0.64998393738635951156 -0.64439794278027895391 0.11653291897204071104
-0.64996833391295494309 -0.5664725927161481378 0.11667324734108276696
-0.64995273047434243274 -0.48854741639349535953 0.1167533884305806402
-0.64993712705151762687 -0.41062231895099304824 0.11677334248441303965
-0.6499215236254973771 -0.3326972055276976592 0.11673310956332387522
-0.6499059201772789951 -0.25477198126258782107 0.11663268954486870344
-0.62661707088592089043 -0.17679368115637417169 0.093431509327198417059
-0.54858152925175784898 -0.098611685122757558597 0.015970567756932486925
-0.61146532059685376748 -0.16161349458760382314 0.078396038760553468649
-0.67427379420771615948 -0.17567291516509847549 0.092329414672709012035
-0.73711196483138785585 -0.12291675682305830408 0.040076270822910722846
-0.79996991814967588486 -0.10500000044703483582 0.022275017121056669284
-0.75193980443219166077 -0.11546193027907447615 0.032684500049789726173
-0.64990358175179385736 -0.24309364401211597251 0.11661245412200023364
-0.64991965323322320458 -0.32335627426739993462 0.11672424708288724193
-0.64993572468869398318 -0.40361877486824015993 0.11677218811741980897
-0.6499517961389573717 -0.4838812494704293754 0.11675627738037482051
-0.64996786760476943368 -0.56414380172962619309 0.11667651482038161881
-0.64998393910689122865 -0.64440653530189029308 0.11653290017992176675
-0.7574472494420916302 -0.7684947056505244678 0.028768414288160921305
-0.80176293933768871813 -0.77625000476837158203 0.02110978136084096235
-0.72621607651675423867 -0.75154598261804439474 0.045575273892090054084
-0.65250000357626647407 -0.68249864065613763398 0.11395905342074505451
-0.57878621827039400394 -0.74844410709639463963 0.048646131493653245459
-0.50503133903156460782 -0.77625000476837169305 0.021037532326281291328
-0.5467952084509758448 -0.76733166210076686475 0.029919036611643013562
-0.60744369187856994685 -0.72264977920841910741 0.074199369863765490818
-0.45365203486774791086 -0.10501295318111486532 0.018661461939508412755
-0.47091267935537484135 -0.12299971428203503032 0.0015718201231013501085
-0.41920863946377184828 -0.11057101458831021523 0.02534806724666448588
-0.33781217168612476254 -0.16006978112653943991 0.074347617672845228709
-0.29745168312389702603 -0.23227370870557703664 0.11395799692311429918
-0.30732106836086781065 -0.29480080522612506222 0.10420602933033898396
-0.34278076401048107602 -0.35735654733865951371 0.069080895445138443267
-0.40135575911332443955 -0.49031324451942914777 0.043813139275710205611
-0.46895384783327082046 -0.46950951349431613302 0.0035118698584760050553
-0.44936851766959917676 -0.49467931794051300809 0.022904251171423264943
-0.47083034170733317758 -0.51984997638517482788 0.0016536776080247298382
-0.39459214783489343636 -0.49012305301389663681 0.048077744080318049469
-0.35759202535367551334 -0.58257291999206428645 0.054363842563350125991
-0.30250231236789482114 -0.62671254638199880294 0.10892030259980294005
-0.30242936505773587719 -0.67081773699642321951 0.10899087459868718464
-0.33960214303433389205 -0.71494894527096486403 0.072168890176526265257
-0.33960214303433367 -0.71494894527096475301 0.072168890176526459546
-0.33220482180990801302 -0.70732452438796389327 0.079497232525151895199
-0.28988399953721627478 -0.68916722876806180142 0.099258653913563615889
-0.25733121634312894344 -0.71178694909267881119 0.078422662134032816716
-0.19614066980145758445 -0.72873791865645209942 0.05707957895197727366
-0.16132752078053833045 -0.71771357291437987147 0.041698299398169921814
-0.12689365442958944197 -0.68378199314616583404 0.019237544615320140845
-0.16231506620480534719 -0.71826405428637074557 0.042209445125385609832
-0.26300971496919928194 -0.70846281475033001662 0.081443357578141598041
-0.30250137433587348523 -0.62230313052358443571 0.10892033571827521021
-0.30185748035391768429 -0.57993718625596835103 0.10828230130887259164
-0.28331404919859770608 -0.53755905298724104835 0.089905932419928460964
-0.2833140491985978171 -0.53755905298724115937 0.089905932419928516475
-0.34647255467407422902 -0.50354131393145229456 0.0770677422029683451
-0.35384527757151368332 -0.42643651673351468112 0.05825881217522131672
-0.347656393845052758 -0.37056026374997613759 0.064244839508628262537
-0.30523516819685198032 -0.28983712455418031428 0.10627100009554753257
-0.29773484861582744099 -0.2622459936206309461 0.11369147381534056018
-0.29699542548573520939 -0.23650304584164755228 0.11441218027200222851
-0.30266363547730656958 -0.20963974019678818794 0.10878183588051996977
-0.31048479539635942537 -0.16355297710060978655 0.077779843989966998552
-0.36378693010149898424 -0.13891210351580476901 0.053409996833959569318
-0.4171163605553930287 -0.11122763675720287457 0.025998836145822046273
-0.47047232807195116244 -0.087026275702470623497 0.0020077725145619730075
0.33992603676476651486 -0.31680385711253716829 0.02026996643831871156
0.32940867650022626067 -0.38818751962791542276 0.026220927701841985347
0.31360738279761546377 -0.45833289165009605259 0.026747875002821316914
0.29780624917661696616 -0.52847755303527643722 0.027223622921403189262
0.28200525928862735237 -0.59862157635845081316 0.027648172688094687505
0.26620439678564378205 -0.66876503419188026989 0.028021525400918997906
0.22143050419713791732 -0.77964579731939209761 0.027600903595569423188
0.17365950358695861344 -0.78499999642372131348 0.022597164690255067826
0.23084161983967066423 -0.77643861473420550112 0.030778937236524282067
0.28415814527462418537 -0.77555555841800649652 0.031653163020644962955
0.33748200594675470398 -0.78499999642372131348 0.022275015389210835876
0.28266149985900407282 -0.77501798837752300386 0.032185741367024976733
0.25630289916314114018 -0.71475123545423002724 0.028680000959960275098
0.27428458013016038253 -0.63289534672351444033 0.027836997652328186736
0.29070373651879122257 -0.56000714814641394668 0.02742079113041255567
0.30712304017316688354 -0.48711829582471499744 0.026949302264594361678
0.3235425094366092269 -0.41422870832839986388 0.02642252973812002706
0.34040660614438650322 -0.33855320376880909672 0.025640785592166683016
0.3390755036326107974 -0.28900101124701060851 0.013170217006767893225
0.33765007142464198431 -0.24240544609923134201 0.0012555144199595206101
0.50717988685777704028 -0.21527339134777206953 0.11934880763349946242
0.52758717584067782447 -0.27881112279596648174 0.11856631097943280684
0.54799479692341279691 -0.34234988823109141487 0.11773966454098892809
0.56840276833280212188 -0.40588974440201791571 0.11686886647290897767
0.58881110829698923848 -0.4694307480617704309 0.115953914831349994
0.52718641900515117449 -0.59773078941988977419 0.035383832888842517428
0.45240280809631366887 -0.60500552052145373239 0.024775915854559314722
0.41273536473546679204 -0.60500552052441503026 0.024774469972108175558
0.37305470456826167469 -0.58410387392267204554 0.0040648082062848464591
0.38081409393259463281 -0.61080457086606132489 0.019020932900960765138
0.35745890288846143834 -0.62817154171827960241 0.0018121163759491467141
0.40814462517299959776 -0.60500552052475109477 0.024773296657367775003
0.4588120799211151124 -0.60500552052097711364 0.024774687282209415656
0.54438681029887858731 -0.59268476329290165072 0.048093071998076081242
0.64444911430205897851 -0.64606290607621641442 0.11421441393965331423
0.56982245607744286264 -0.77633487295894110236 0.030913730572268691144
0.51642700154006782043 -0.78874999284744262695 0.01859288099247868864
0.58878015168460973161 -0.76521842050326505102 0.041934166068605532862
0.65999999642371132147 -0.69338074276573591348 0.11307858538963298789
0.73120629519719604339 -0.74620655033657579125 0.060755922311122971535
0.802473290740169376 -0.78874999284744262695 0.018562530648502058306
0.78858242498263542153 -0.78560217261390818955 0.021697511332812734891
0.69295020223585535035 -0.7178255076479701513 0.088872889032692428679
0.64579973234126319959 -0.65030458538003310665 0.1141547109214283845
0.62072197687846031311 -0.57610675141137157595 0.11654591554241015838
0.59892242903173553703 -0.50091216541069594204 0.11548425053693513187
0.57498113334313327716 -0.42637136691174776226 0.11657876424981949981
0.55104035293628483849 -0.35183217273338185382 0.11761251407544151548
0.5271000583833314046 -0.27729449125250665853 0.11858550318946016466
0.50316022025882611857 -0.20275823085346741936 0.11949773458084882172
0.57189510635616103151 -0.09953734171782713247 0.024306915615399209141
0.51903673298075270193 -0.17117574605956045741 0.095254040905826162233
0.4662277765759142989 -0.15870341605316359845 0.082903887460564401612
0.41335528632922302616 -0.08642236609550647819 0.011315441268481322978
0.44728601438925946754 -0.13280846666623266628 0.057260244115935526876
0.48118526360843477674 -0.17915153306813663692 0.10315104930423632523
0.38730474952596866123 -0.18487809410954308964 0.016291562586901873338

Metadata: 
LoopIdx: 0 32 48 74 85 112 152 172 