127
d 49.087814363598383238 0.42749999091028861864 50 179.51264025615654418 180.48215099962072827 1
d -6.7794976688701087397 -0.042641377593880119834 5.8692901927309053534 0.48215099962074581263 -0.43058276040670695473 0
d 49.088214879444855399 -0.46249999478459663527 50.000000000000007105 179.56941723959329238 180.43841820099217443 1
d -0.86975277436262954378 -0.84477788625434147018 0.040569774213991736944 -179.56158179900785399 -90.474229458628656175 1
d -0.45625001308507912023 49.112941076400431939 50 -90.474229458627036138 -89.529743439165713426 1
d -0.0020325195709148952128 -6.2274053467908236925 5.3422104344435394907 90.470256560834300785 89.539770627495926192 0
d 0.44249999406747825281 49.113019720374587962 50 -90.460229372504059597 -89.538569263773311491 1
d 0.84482329426119939786 -0.84231902859074914147 0.043041189822653674879 -89.538569263773254647 -0.46716054487702990405 1
d -49.110474970957447738 -0.43499999539926342829 50.000000000000007105 -0.46716054487693015052 0.46652749582576752418 1
d 6.2197749266983022309 0.015533248517633782559 5.3320841279352819697 -179.53347250417425585 -180.45506788095644879 0
d -49.110563974520971442 0.45499999029562182562 50 -0.45506788095654454596 0.45624549489652704848 1
d 0.84529354331866446426 0.85280619671092960932 0.042558611148253537582 0.45624549489652327372 89.526565078288641075 1
d 0.43249999359249763353 -49.102929726262530608 49.999999999999992895 89.526565078294993327 90.471657098327156632 1
d -0.023101471675727132393 6.2411996003373539921 5.3460045858286724396 -89.528342901672829157 -90.458765048052114821 0
d -0.46625001356005973951 -49.103030839559394849 50 89.54123495194789939 90.460143144248775116 1
d -0.8674516001126316711 0.85243133868870502035 0.042926785534879469131 90.460143144248803537 179.5126402561512009 1
d 24.282487528601144788 0.46500000357627713221 25 179.95047751995332419 180.05156622245044673 1
d -0.71497279839284999525 0.44250227409410697321 0.0025295490229564837961 -179.94843377755017855 -90.618806751557869461 1
d -0.44499998539686047572 25.43851482865395397 25 -90.618806751593723448 -89.383234562405633028 1
d -0.17592742084461707175 0.44339365371399613869 0.0034305834795292952481 -89.383234562405519341 -0.04952490845101414213 1
d -25.172487499394868848 0.46500000357628024084 25 -0.049524908451149922406 0.051954767164069062813 1
d -0.17485581131555330558 0.48766740597503666077 0.0023580347265810867007 0.051954767164439336069 89.38080470379190956 1
d -0.44499998539686358434 -24.508514821501396597 25 89.380804703692660951 90.616763009189952527 1
d -0.71407147902692558183 0.48660529306660044169 0.0034316553178444964174 90.616763009190222533 179.95047751997302043 1
d 24.399975476151144704 0.2249999940395339959 25 179.93416203353689298 180.07219269839274034 1
d -0.59646494329455168604 0.19350445537324398315 0.0035397383578634282995 -179.92780730160706071 -90.570675829897780318 1
d -0.34750001132488095301 25.188724839968852365 25 -90.570675829939304435 -89.435669922513255869 1
d -0.10133097876055210951 0.19627613517768627283 0.0063389745677441501279 -89.435669922513326924 -0.06584694594025089498 1
d -25.094975498800909719 0.22499999403953704902 25 -0.065846945940229675842 0.072911056562089737731 1
d -0.098218535712963295214 0.25680933427492919074 0.0032227976122505296898 0.072911056561621612193 89.428605811876977327 1
d -0.34750001132488406164 -24.73872485188978132 25 89.428605811891415556 90.564321098009628486 1
d -0.59366508803063000599 0.25371993131059866755 0.0063429349302818478079 90.564321098009216371 179.93416203353677929 1
d 24.414980490202371044 -0.073749998584391213141 25 179.93660380742971938 180.06445776489607624 1
d -0.58185717285403848464 -0.10187145846619766187 0.0031465186175630949043 -179.93554223510381007 -90.3251554009591473 1
d -0.43999998271465146082 24.894579499765988828 24.999999999999996447 -90.325155400946684381 -89.675901034873120921 1
d -0.29860630906710561305 -0.1014100462057486024 0.0036105496558541750121 -89.675901034872993023 -0.06340132907621238989 1
d -25.294980455631677074 -0.073749998584388160028 25 -0.063401329076334764223 0.064868685380971041754 1
d -0.29796249451149908749 -0.045449059140096982612 0.0029660181105042003613 0.064868685381005472546 89.674433678526028757 1
d -0.43999998271465456945 -25.042079496934768201 24.999999999999996447 89.674433678568490791 90.324093828620817703 1
d -0.58139140273655309787 -0.046092194357865420851 0.0036128057624758638799 90.324093828620078739 179.93660380748792704 1
d 24.499986218741195643 -0.18874999880790863105 25 179.95016407927496971 180.05414453142432762 1
d -0.49737041007666998871 -0.21237251648569702156 0.0026322095376219976394 -179.94585546857558711 -90.099981194808790974 1
d -0.45374999940395199793 24.784957215136014241 25 -90.099981194880726321 -89.90430166851253091 1
d -0.41200126994902414035 -0.21050233201556520224 0.0045055874123170478254 -89.90430166851270144 -0.049861668031134641355 1
d -25.407486217549102747 -0.18874999880790557794 25 -0.049861668031134551149 0.054659477546417263583 1
d -0.4099045299749417004 -0.16490260234900794289 0.0024069373617325536853 0.054659477546390798641 89.899503858826435021 1
d -0.45374999940395510656 -25.16245721275182845 25 89.899503858997206862 90.095672584181386355 1
d -0.49548747771412199326 -0.16700890774768523128 0.0045168483337743314809 90.09567258418113056 179.95016407928676472 1
d 24.40748490360171985 -0.30250000953674471837 25 179.94778889652403109 180.05672284053363796 1
d -0.58972927469527536282 -0.32724726786718216776 0.0027735718050656593854 -179.94327715946658941 -90.429149538815551068 1
d -0.40249998867511593836 24.669277976592368873 25 -90.429149538867079627 -89.575355443490479956 1
d -0.2172507884130684408 -0.32528001115957078104 0.0047555269148826734629 -89.57535544349036627 -0.052217858176036920093 1
d -25.212484880951954835 -0.30250000953674160975 25 -0.052217858176102943668 0.057263216543397450764 1
d -0.21503316879167769238 -0.27751675633390249232 0.0025358033114601806653 0.057263216543367682909 89.570310085259620791 1
d -0.40249998867511904699 -25.274277995665855201 25 89.570310085123196586 90.424637801809382154 1
d -0.58774622026327993929 -0.27972295735364571811 0.0047584982754003309069 90.424637801809424786 179.94778889658735466 1
d 24.397405447129994371 -0.43375000357628024084 24.999999999999996447 179.8469182517813465 180.14968539966687899 1
d -0.59906006092658636852 -0.49905349493326889299 0.0034491891091899037208 -179.85031460033314943 -90.040823261359392404 1
d -0.58125001192092740077 24.497490971124449288 25.000000000000003553 -90.040823261377312292 -89.955774794777013881 1
d -0.56195464057870903041 -0.50054164207075735327 0.0019599399927708867179 -89.955774794776417025 -0.15308734351177588628 1
d -25.559905470971852282 -0.43375000357627713221 24.999999999999996447 -0.15308734351253822092 0.14979730554401393672 1
d -0.56339110651728918633 -0.36839756290572267527 0.0034002049501746802428 0.14979730554409231846 89.959064832699482395 1
d -0.58125001192093050939 -25.364990978277006661 25.000000000000003553 89.959064832745539775 90.044219609929115222 1
d -0.60054294015719411615 -0.36696081283407683271 0.0019623896299710954019 90.044219609928347836 179.84691825217268502 1
d 24.966564702490245509 0.29374999552965008753 25 179.51077424569314189 180.44605319564595902 1
d -2.740729418475255752 0.078041667994300789601 2.708133780322655948 0.44605319564600121041 -0.46897241746177353861 0
d 24.966476198975975365 -0.14874999970197830268 25 179.5310275825380586 180.46915856858888105 1
d -2.8904562813355498818 -0.37685773787616505537 2.8578663998672042545 0.46915856858892374115 -0.39467140767822345149 0
d 24.966749208714499986 -0.56874999403953707677 25 179.60532859232191072 180.43356274610391665 1
d -0.0279208109614754868 -0.75789070753693732474 0.0046143538053934184812 -179.56643725389636757 -90.05827097371336265 1
d -0.0024999994784578273219 24.237482011915254532 25 -90.05827097374992718 -89.937596345826406719 1
d 0.024725675151902343912 -0.75970212031087935856 0.0028010413611137176954 -89.937596345826420929 -0.54656154273036516855 1
d -24.971335941861649843 -0.5212499946355804159 25.000000000000003553 -0.54656154273193124915 0.49793911985491001726 1
d 2.9650559341132316504 -0.27845772049836203799 2.9374468972455640703 -179.50206088014510897 -180.43777606701442551 0
d -24.971575483023617181 -0.064999997615812682428 25 -0.4377760670143941435 0.44622349344293460449 1
d 2.8916299331088279878 0.15200496061904666956 2.8640504452150845616 -179.55377650655708521 -180.36600686641966718 0
d -24.971851991806506277 0.32999999821186221105 25.000000000000003553 -0.36600686641967461465 0.4028014087555645828 1
d 0.023249315299054058859 0.50572372472089988094 0.0042810029291576916569 0.40280140875580078275 89.940976799995141278 1
d -0.0024999994784608891088 -24.489982009531068741 25 89.940976799938582076 90.062366042858002402 1
d -0.02970924993836894859 0.50718837237941660767 0.0028148095515884885738 90.062366042858002402 179.51077424574668839 1
d 25.209542457977867969 0.33625000715255581873 25.000000000000003553 179.6607203133864914 180.31197743249632026 1
d -2.0159068697583650831 0.18800506145557149829 2.2258529280729404398 0.31197743249635984109 -0.46668030907662955142 0
d 25.209042943874610643 -0.03374999761581574248 25 179.53331969092326403 180.50134446824247902 1
d 25.209661991183374141 -0.38249999284744418127 25 179.7020606147365811 180.28304241600011437 1
d 0.21650747342033499487 -0.50596773242716686081 0.0065405149367927040496 -179.71695758399997089 -90.06531715719654585 1
d 0.24499999731779251166 24.487475511903500802 25.000000000000003553 -90.065317157137670279 -89.927062437776058346 1
d 0.27682093395052009832 -0.5093070616307453502 0.0031971724271621219417 -89.92706243777647046 -0.32217597663116637197 1
d -24.719586714158960916 -0.36874999105930172938 25.000000000000003553 -0.32217597663079777792 0.2968711149358071455 1
d 2.3384332656814348361 -0.22855089589752675128 2.0583831929353451073 -179.70312888506418858 -180.4945471743393739 0
d -24.718941976449841036 0.005000002682210545786 25 -0.49454717433944861416 0.47604481148511251787 1
d 3.8557788781864328342 0.24241994420825557777 3.5757071679603305014 -179.52395518851488987 -180.23826114200184634 0
d -24.719681215493846338 0.36125000566244280797 25 -0.23826114200188994174 0.27615477891168715985 1
d 0.27423794281007518592 0.48171688342765622837 0.0057905273947448160018 0.27615477891155620904 89.932976025429724132 1
d 0.24499999731778945855 -24.512475488061642892 25.000000000000003553 89.932976025417445953 90.072852221351695334 1
d 0.21321634177567128088 0.48426867257024447389 0.0032356327295061711874 90.07285222135162428 179.66072031335315273 1
d -0.42852053958082009233 49.62785925238195972 48.799999999999997158 -90.434013208645652071 -89.565549604806903972 1
d -0.017716665276320712336 -4.5483536497604069027 5.3777703882450351713 90.434450395193096028 89.558387396155282545 0
d 0.39985945576524922762 49.627807476924616026 48.800000000000004263 -90.44161260384480272 -89.556690003713868009 1
d 0.77773396470912459222 0.79023852317433540549 0.039030809966141076506 90.443309996286174623 -0.46193185963421790063 0
d 49.615177524961026734 0.39649119806287647094 48.799999999999997158 179.5380681403738663 180.45998480367006778 1
d -4.672571068412230133 -0.039353747229271297814 5.4894981387158940933 0.4599848036700658338 -0.40268699008354308377 0
d 49.615586239507372568 -0.42090880775453676232 48.800000000000004263 179.5973130099164905 180.40851412423978672 1
d 0.78101612388786800789 -0.7691011156472321586 0.035811411920177053936 0.40851412423985566935 -90.447190074492610279 0
d 0.39985945576524323242 -49.603425067709672192 48.800000000000004263 89.552809925513471967 90.443031122754049989 1
d -0.017705734641895280734 4.397851676508386376 5.2028911327334936843 -89.556968877245964222 -90.435868914102414351 0
d -0.42852053958082608753 -49.603476843167022992 48.799999999999997158 89.564131085897614071 90.436793082554274292 1
d -0.80083638578991722667 -0.76636328059118863365 0.038532740176240462548 -89.563206917445711497 -180.40527934095916862 0
d -49.638147341865959561 -0.42090880775453087814 48.800000000000004263 -0.4052793409591564644 0.40838450669605536048 1
d 3.942241936793126289 -0.038999850622049955784 4.7817503419231597306 -179.59161549330394791 -180.46568232028309353 0
d -49.637738627319606621 0.39649119806288246615 48.799999999999997158 -0.46568232028310552195 0.45979728063721164721 1
d -0.79848428744737376395 0.788433477193293486 0.040827012089983238941 -179.54020271936281006 -270.43401320864353465 0
d 50.419907346152058381 0.4437500089406936632 50 179.89977891742279326 180.09926501222201978 1
d 0.42964098843027431762 0.35714172106985869748 0.0096586177739867336289 -179.90073498777806549 -90.094967825107318049 1
d 0.51250000298023534739 50.347414433820738111 49.999999999999992895 -90.094967825200924949 -89.904050983806826025 1
d 0.59621654013576796949 0.35628413414761539446 0.0087996033552877606088 -89.904050983806996555 -0.10024620321400745659 1
d -49.394907340191593903 0.44375000894069976942 50 -0.10024620321426556957 0.099767424962545814271 1
d 0.59579810296139490422 0.53079741517540768303 0.0092187703070809347283 0.099767424962514936193 89.904529762001004656 1
d 0.51250000298022913015 -49.459914415939344678 49.999999999999992895 89.904529762058501774 90.095923895556140337 1
d 0.42880542064794280321 0.531193927263849619 0.0088215965557331653402 90.095923895556140337 179.89977891737797222 1
d 49.19998942557872823 -0.56750002503395391429 49.999999999999992895 179.96705092139694671 180.03351803214593474 1
d -0.79673057233798716403 -0.59674811055595355924 0.0032714470177276949898 -179.96648196785454843 -90.341484938013337569 1
d -0.49875000864267043932 49.399092452277393761 50 -90.341484938101856983 -89.65908267424164535 1
d -0.20126770537579083409 -0.59625252112359128365 0.0037699948273293513307 -89.659082674241631139 -0.032950419802159278126 1
d -50.197489442864075215 -0.56750002503394769704 49.999999999999992895 -0.032950419802461695939 0.033732624052817856974 1
d -0.20058106968389421976 -0.53806457406093932683 0.0030829618270453371109 0.033732624052032929296 89.658300469920050091 1
d -0.49875000864267654554 -50.534092502345295372 50 89.658300469991260684 90.340915984558961327 1
d -0.79623113459211380949 -0.53874869995057261818 0.0037711728179982339712 90.340915984558833429 179.96705092120532754 1

Metadata: 
LoopIdx: 0 16 24 32 40 48 56 64 80 95 111 119 