158
d -0.70511224117763482422 10.42454981733533792 9.9999999999999982236 -90.535094960315817048 -88.12347388049496999 1
d -0.37775106947220948861 0.4328388608504044055 0.0029277698577443327967 -88.123473880494884725 -3.6759255314912735457 1
d -10.354255775918977278 1.073781149147049474 10 -3.6759255314913761303 -3.4722369632154848063 1
d -0.37435646298505148577 0.46823812913622775422 0.0017465202475056946455 -3.4722369632162677355 90.477249496603491252 1
d -0.29107622310640901553 -9.5296685041059827626 10 90.477249496536074957 92.887676366912344861 1
d -0.79470583649608317334 0.45462723410325128759 0.0030102443032322544376 92.887676366912842241 175.52307784691106463 1
d 9.1717816535471072825 -0.32571325973179077184 10 175.52307784687275216 175.68609931861675477 1
d -0.79848947918901613807 0.42638782647120210267 0.0014019730694754743532 175.68609931861658424 269.46490503964332675 1
d -0.62943985184267670085 10.139519199194301891 10 -90.551849746516808182 -87.728588497281336345 1
d -0.23321782130623661122 0.15015533245803652784 0.0027812687958795098003 -87.728588497281549508 8.6697685690033257089 1
d -10.116203934147483423 -1.356817743919105812 10 8.6697685690077097576 8.8318223889449161135 1
d -0.2365155830301852169 0.17825804125099747877 0.0017651767215199525365 8.8318223889448965735 89.118895380425229291 1
d -0.39026414436209261316 -9.8187945724600478314 10 89.118895380460230626 92.00045735775493938 1
d -0.73926313531554976866 0.17294217107569351266 0.0021700630682492823807 92.000457357753617771 203.10760792610199132 1
d 8.4564348408149037084 4.0966830110903700302 10.000000000000001776 -156.89239207385557506 -156.70234184000420896 1
d -0.72572849399593231112 0.14266363006256596591 0.0026807206787713526441 -156.70234184000449318 -90.551849746515102879 1
d 9.2574927021184052478 0.3189184670104709407 10 -178.70672845224194702 -178.20000760382535532 1
d -0.73502811665657952211 0.0048921767509198981275 0.0025460828956223278963 -178.20000760382535532 -93.677893138053690336 1
d -0.093718739290575947543 9.9817557674355246178 10 -93.677893138045675414 -93.47233589339330706 1
d -0.69928251638305927163 0.0017994029736497852215 0.0016883162861131594586 -93.472335893391715445 2.9324162974992411534 1
d -10.684502144000269652 -0.50969401139018544189 9.9999999999999964473 2.9324162975006338172 3.4254154362310025306 1
d -0.70504530909015605822 0.08763743038535816432 0.0026821811463899804945 3.4254154362309208182 82.309629125470181066 1
d -2.0428827700418126234 -9.819761547108297961 10 82.309629125463956711 82.503543008000960413 1
d -0.73843317485134152278 0.093253635353966052302 0.0015271789077733808997 82.503543008002353076 181.29327154787037557 1
d -0.47625000774860321018 9.8990868428589724459 10 -91.482887253048659204 -88.521690195485319919 1
d -0.21834790831412520529 -0.09436827109728568308 0.0032175872658308682199 -88.521690195485362551 2.3433822418417658007 1
d -10.206770235781572609 -0.50312004870931814615 10 2.3433822418432868062 2.6388793923809004127 1
d -0.22026012922434801133 -0.04284451427348547059 0.0028885333827656598654 2.6388793923808400166 89.086354919280182685 1
d -0.37966846097754869405 -10.038684982174993721 10 89.086354919314899803 92.017891165000591513 1
d -0.73166070140749783768 -0.048388666643740654849 0.0035046636613590802234 92.017891165000733622 177.14155665342579482 1
d 9.2523968911563159168 -0.54689944667670786771 10 177.1415566534543018 177.41012799568551372 1
d -0.73497113470152297676 -0.095144780474134243997 0.00242017474412446797 177.41012799568542846 268.51711274697771614 1
d 9.6074614155435646978 -0.71822037510371350422 10 176.86675766494352047 177.75215833519783359 1
d -0.38137336078259853611 -0.32613484813145415808 0.0034730406403619008132 177.7521583351979757 275.89515210826726843 1
d -1.4081003799297313606 9.6175255884159103204 10 -84.104847891751845168 -83.866668598207596119 1
d -0.33992853737471778741 -0.32287790283119061074 0.002369648060349264021 -83.866668598207880336 1.5718232576087434182 1
d -10.333797034776491586 -0.59711340502851983914 10.000000000000001776 1.5718232576089306018 2.3701084213486631747 1
d -0.34730134135806767226 -0.18377428067853388005 0.0049539537637397325701 2.370108421348595229 73.970783339353062047 1
d -3.1072083503208753896 -9.7902230921936954644 10 73.970783339362995434 74.149469826465704614 1
d -0.37627941890853872087 -0.17171067755293190071 0.0013123911673575991248 74.149469826466713585 176.86675766501650742 1
d 9.0324000839483744585 0.039336517733700615551 10 -177.09905309888679881 -176.86457507015578017 1
d -0.95020816882997716224 -0.50749259473596763925 0.0024258138945118996356 -176.86457507015614965 -87.991472212735203584 1
d -1.3006055844430348678 9.4839392975312524214 10 -87.991472212738983671 -87.040192300471602493 1
d -0.78447084171347314374 -0.49847687906194909635 0.0042495131499937031233 -87.040192300470977216 3.075181093209019334 1
d -10.765827468374247644 -1.0347116101053586146 10 3.0751810932108232244 3.297326203052592053 1
d -0.78449669192172255539 -0.45965904035450699805 0.0021177478960358367931 3.2973262030518513122 91.177583417223189599 1
d -0.57902760511405582111 -10.455429745072670755 10 91.177583417202342275 92.130243688746418229 1
d -0.95058322518078997021 -0.46654500804270732095 0.004207291641480396735 92.130243688746546127 182.9009469011043052 1
d 9.3774774194767243074 -0.48375000059604705838 10 179.89975190683381356 180.1095782331255748 1
d -0.62032742732623114001 -0.50287083524156284131 0.0021768688841955919494 -179.89042176687382835 -91.266049135083108013 1
d -0.39942624743087634664 9.4925116001530458476 10 -91.266049135076528387 -87.804294407704972514 1
d -0.016425595867749370055 -0.49679545813650877184 0.0033533120405176584586 -87.804294407704972514 9.3534023644813970577 1
d -9.880163521343808597 -2.121485933709172933 10 9.3534023644799120234 9.5810371609486342237 1
d -0.022134719098021473499 -0.45748096771896534785 0.0025180974033476963454 9.5810371609483748756 88.998738405329234524 1
d -0.196834937405234639 -10.45343636110037977 10 88.998738405322441736 92.418112777417803727 1
d -0.61858444653461930329 -0.46626028019567844485 0.0039228334588246116868 92.418112777417789516 179.89975190685996154 1
d 1.1321586643008929585 9.5339834347187384367 10 -96.820678752907966214 -96.599496266345951767 1
d -0.016901275357072389344 -0.39781621542574213679 0.0019510385507304482157 -96.599496266345937556 -1.3128237060123058022 1
d -10.012325813907333227 -0.16875000298023162815 10 -1.3128237060133345349 1.1931877005089255306 1
d 0.76004646071058135082 0.055617666747009311679 0.77470859346904041853 -178.80681229949109934 -182.21072227330657256 0
d -10.006642679397074858 0.47124999761581481961 10 -2.2107222733065605702 2.3283884233550002918 1
d -0.017320940147820356597 0.87742011109663142765 0.0024241452578731702457 2.3283884233550029563 93.720632413425079221 1
d 0.63143832320692150351 -9.0990840055533581676 10 93.720632413482377387 93.911684101384977907 1
d -0.050618776339427670741 0.87571383870945418426 0.0019104864503430311808 93.911684101385048962 179.05800788167817927 1
d 9.9461195158068509414 0.71134401396069346646 10 179.05800788156190606 182.24699677281881804 1
d -0.70500372223711560427 0.29341939430897545638 0.65931926624356451683 2.2469967728188198208 -2.8406770250885116091 0
d 9.9412174240288440075 -0.23484429411826879264 10 177.15932297491170289 180.9059190800501824 1
d -0.055185944937712658187 -0.39291330628779841394 0.0023469690284718992823 -179.0940809199491639 -96.820678752906630393 1
d 9.0374201993634208918 1.8968365825357298426 10 -174.69518353476081529 -174.42370015089937851 1
d -0.91223740946416842501 0.92541915636427929392 0.00303354268054398463 -174.42370015089923641 -92.42014627288756401 1
d -0.49009589177945472871 10.913468760156661119 10 -92.420146272870482562 -87.506792902089955533 1
d -0.01523764301443034791 0.0077566971738769474598 0.91604534422188899079 92.493207097910072889 86.852459235768918688 0
d 0.58413318405059033722 10.90733469674669287 9.9999999999999982236 -93.14754076423105289 -88.691083148803031122 1
d 0.81251656415296313885 0.91195010084330796474 0.002006591904068072852 -88.691083148801908465 12.410717558150029305 1
d -8.9518446695015754244 -1.2367988112062411332 10 12.410717558125407223 12.648360427315310517 1
d 0.80267698497483153108 0.95224139994619239058 0.0028709244257809417127 12.648360427314399246 87.149712494153860121 1
d 0.30555588981490777734 -9.0325200078410965432 9.9999999999999982236 87.149712494133424912 91.575372768395439493 1
d 0.0036199870092052180426 1.9460201401661145759 0.9826913400500024709 -88.424627231604560507 -93.162158499327944128 0
d -0.60220793444767783953 -9.0199491102190307856 10 86.837841500672055872 91.805548376964424051 1
d -0.91720284924483608258 0.97253009773434839769 0.0025572010774358978034 91.805548376964281942 185.30481646524685857 1
d 10.889795835141235614 0.46754171818141077033 10.000000000000001776 177.761901980343481 181.31010048950943769 1
d 0.89747563815492348294 0.23902182310253181075 0.0050670706828950390355 -178.68989951049064757 -102.05422411388462933 1
d 0.91427635779138749506 0.31769680104219394368 0.085515913646043911767 -102.05422411388494197 -63.586390241627569253 1
d 0.95015405816795683869 0.24546472838061753063 0.0048643066856234908057 -63.58639024162777531 -0.34865022858776945069 1
d -9.044796583905210241 0.30628569753013756838 10.000000000000001776 -0.3486502285879805596 3.1378989287705101319 1
d 0.93592009843788415147 0.85344344902807911524 0.0042965681135783348465 3.1378989287706318123 86.533507887093307431 1
d 0.33153191969997997113 -9.1239711473304314637 10 86.533507887102302902 86.744408174006025547 1
d 0.89932608599944707795 0.8579898491997154375 0.0019034035706163182113 86.744408174005158685 177.76190198034001355 1
d 10.191950146629304541 -0.15688385296328866136 10 175.91250655204268583 181.89020072515182846 1
d 0.20078332578015062326 -0.48661433611622223472 0.0033937441971221555918 -178.1097992748482568 -90.131634154636643075 1
d 0.22375000268220962552 9.509965537285946624 10 -90.131634154618552657 -89.863700208078952869 1
d 0.24753258210180928423 -0.48740010093826946491 0.0026060738095293432826 -89.86370020807896708 -3.1317368728561163493 1
d -9.7349308579874094249 0.058776594566234921513 9.9999999999999982236 -3.1317368728548884427 2.8542375828655441872 1
d 0.24945704850808492203 0.55656914468009732744 0.0032105508657241923695 2.8542375828659025672 94.003855008779467539 1
d 0.94746879916117654474 -9.4158216863228947346 9.9999999999999982236 94.003855008763338219 94.177022356268167869 1
d 0.21922039088918535144 0.55578230120977867301 0.0018385776019690601955 94.177022356268338399 175.91250655192837371 1
d 10.32992021843690722 -0.20933658253573106389 10 174.4258672808345807 174.69564806607931473 1
d 0.3751716962889727891 0.71490014783190236614 0.0024387137178726219292 174.69564806607934315 269.17554548964005789 1
d 0.51902609749261796601 10.711426423705011857 10 -90.824454510350463465 -88.020621426170166046 1
d 0.86432294315134583496 0.7203206313368512026 0.0029291857107221256316 -88.02062142617022289 4.8220225572115822388 1
d -9.0973644657477183983 -0.12004169129327957322 9.9999999999999982236 4.822022557210363658 5.1194298046381829792 1
d 0.85975796261485259997 0.77201140952167457421 0.0029981600444557131302 5.1194298046378667877 89.806986463257601372 1
d 0.82608090910410958418 -9.2249337060694571733 10 89.80698646323995149 92.553766707031115857 1
d 0.38066701417961129605 0.76166145846258892504 0.0034767784971035998499 92.553766707031584815 174.42586728085447589 1
d 10.319977414696479556 -0.056250000372529640469 10 179.90056677637693383 180.10957826194049858 1
d 0.32219584238518972352 -0.075370795533556717016 0.002200143408811261643 -179.89042173805941616 -91.875172153746248682 1
d 0.64934470773094243867 9.9170751308829458992 10 -91.87517215375402202 -91.410271670840842262 1
d 0.40331985746571152873 -0.076275128376766393457 0.0036217743027463912379 -91.410271670840728575 8.0026348524048476207 1
d -9.4957103138935021747 -1.4679573111017327758 10 8.0026348524063486423 8.2680540710695424877 1
d 0.3978023605692465603 -0.030283083992188101347 0.0025753204612692492254 8.2680540710695122897 95.139605090441023094 1
d 1.2933994385185103582 -9.9875119202206104063 10 95.139605090383582819 95.563692704734279459 1
d 0.32429428234364460204 -0.03890310322922355124 0.0043018154186208945253 95.563692704734648942 179.90056677639236682 1
d 10.425652636085992242 -0.19022699523804934008 10 176.68320862046951447 182.45937688667498833 1
d 0.43817438439306288789 -0.61919523989968006106 0.0033137699051827328514 -177.54062311332424429 -90.153750610073601024 1
d 0.46500000357627929715 9.3774549975109877664 10 -90.153750610080081174 -89.844394307462550842 1
d 0.49215029213808436648 -0.61956437385381180061 0.0029437608057833954296 -89.844394307462650318 -1.8572362445761001482 1
d -9.4996543288119141835 -0.29556766650286497855 10 -1.8572362445730603575 3.8557588391785242443 1
d 0.4732655817643726115 0.3765817923556956659 0.0044551705365855993543 3.8557588391782817716 73.968246128761677483 1
d -2.2872045727721959096 -9.2302241786070613472 10.000000000000001776 73.968246128749953527 74.149364379682296544 1
d 0.44373598779505724066 0.38826182177167278819 0.0013346248195175544789 74.1493643796810602 176.68320862039655594 1
d 9.018811022822609047 0.10306093391763379574 10 175.66672534641742232 182.98681878108828869 1
d -0.96617192364374504532 -0.41792646511673570142 0.0014344873288690785859 -177.01318121891134183 -68.264259485630176982 1
d -4.6689033811286257958 8.8697585028894678771 10 -68.264259485667281524 -68.128594046332850098 1
d -0.9444034036655278852 -0.40860360471117257442 0.002005026912545207398 -68.128594046334129075 -4.4009575371199698424 1
d -10.912918988093272432 0.35859944853041753055 10 -4.4009575371252163123 2.8053747457380491248 1
d -0.92786607425920819558 0.8478889210479094718 0.0029661459019460598326 2.8053747457382587349 69.944342305282731331 1
d -4.3561769719612488672 -8.5429241570982021869 10.000000000000001776 69.944342305278468075 70.092903173183586318 1
d -0.9515697261039715027 0.85856094047726050356 0.0010364267851566970509 70.092903173185263199 175.66672534642975734 1
d 10.66738026489851876 -0.0021964390792468674318 10.000000000000001776 176.8559434402576187 182.22000554553332563 1
d 0.67794275729430042432 -0.38944505172554505501 0.0030593076518448348786 -177.77999445446687332 -90.076268219192598963 1
d 0.69124999642372197961 9.6074867837784445612 10 -90.076268219219898015 -89.915363096763215367 1
d 0.70601962647039528953 -0.39095147136422003786 0.0015508360610240533133 -89.915363096762376927 -2.6639159706194233124 1
d -9.2816246514615219354 0.0737500041723257449 10 -2.6639159706225408186 2.6640466915408089754 1
d 0.70551338839852462126 0.5384507607372981397 0.0020565604534630720253 2.6640466915397391645 73.234320598350535647 1
d -2.1784764158727996097 -9.0345046778527446918 10 73.23432059835540997 73.368468488142724482 1
d 0.68340262174989241384 0.54621630165096757281 0.00097174155974474754702 73.368468488139555461 176.85594344028186242 1
d 10.444294889793145131 -0.79875001311302251672 10 179.33316852262376528 180.66339332256725925 1
d 0.44797618958074536533 -0.91449653905081074168 0.0030112126459397978336 -179.33660667743180284 -90.140553527572151893 1
d 0.4724999964237219241 9.0824621683451898235 10 -90.140553527553791469 -89.857342244267258025 1
d 0.49739201710603309081 -0.91492475351936541905 0.0025820894511908521265 -89.857342244267229603 0.58064949588675207615 1
d -9.4995125157710589292 -1.0162393067859745166 10.000000000000001776 0.58064949588704983796 1.8817391512007615173 1
d 0.49180575343952109835 -0.68798096650914108974 0.0032908267459147576457 1.8817391512006287346 84.161929065828033458 1
d -0.52503287638109674695 -10.632840618385928977 10 84.161929065865493271 84.419795743181879288 1
d 0.44714613260753960367 -0.68239389504778513729 0.0021741353677838929671 84.419795743181154535 179.33316852263715191 1
d 9.127482419453013307 -0.95625001192092962121 10 179.90583168421230198 180.09668674605248384 1
d -0.8705567307351790296 -0.97312173961439329961 0.0019466142707974724933 -179.90331325394890882 -92.045184284327660862 1
d -0.51375000178813867713 9.0185628261667591943 10 -92.045184284334894187 -88.046600532392830019 1
d -0.16289326674797130479 -1.2685397894725050083 0.29308411863107486361 91.953399467607184192 84.965983182807761409 0
d 0.74029577213293173976 8.9848416153744192769 10.000000000000001776 -95.034016817192068061 -93.916563269809870462 1
d 0.080479460192620380643 -0.65263543816034619294 0.33996265416579085628 -93.916563269809870462 -90.457572649027682132 1
d 0.15762514056212939551 9.0070938575762564682 10 -90.457572649027497391 -85.929128318191388303 1
d 0.86738302896399899211 -0.96563003573705341598 0.0020513047720199287759 -85.929128318189967217 14.834429253327256149 1
d -8.7973311941010692294 -3.5253716435745805491 10 14.834429253329798115 15.032192273205273736 1
d 0.85812733959370479653 -0.93238392422907145907 0.0024270541007869374933 15.032192273206556266 88.665332706548085184 1
d 0.62526155050969223215 -10.927244520197888278 10 88.665332706603464885 93.802548512953919158 1
d -0.089973385867286093109 -0.16610394445775922279 0.78488328657546380107 -86.197451487046109264 -93.077849620897907812 0
d -0.6690437258977559587 -10.935430062945945551 10.000000000000001776 86.922150379102191664 91.1525376325608363 1
d -0.87013833979228061288 -0.93981843590453328918 0.0023657377166065784654 91.152537632562086856 179.90583168424461746 1
