386
-0.72831066021853507753 0.44266382739291149084 0.017906182402125808001
-0.65829294868182486322 0.44411664573999565242 0.019262441705691742827
-0.58829100910313336659 0.44556913683002674631 0.020132190156557535493
-0.51829794805583651041 0.44702144369676588553 0.020515641819025046827
-0.44830687560954868287 0.44847370930143043433 0.020412891054653204553
-0.37775106947221120945 0.43283886085040618186 0.002898492159169336474
-0.39196057140000367669 0.45153099045589556448 0.01810777057178969765
-0.37435646298505154128 0.46823812913622775422 0.0017290550450306872536
-0.44416645231478629752 0.44855962017733957969 0.02039158147149710415
-0.51412296422144343477 0.44710807167960386899 0.02052314846085134814
-0.58408105223138684359 0.44565649047883176825 0.020168996284032927185
-0.65404759592118444367 0.44420473382863956413 0.01932903787640127477
-0.7240294781937861579 0.44275265891362575177 0.018003066712940475613
-0.79470583649608317334 0.45462723410325123208 0.002980141860200012302
-0.78416050322563723984 0.4395526926884992247 0.014543079633577565835
-0.79848947918901624909 0.42638782647120204716 0.0013879533387806189393
-0.64360316802236405831 0.1587594710099030082 0.01903792028415998358
-0.56164145878261317879 0.15974168073052522066 0.019792265497256714829
-0.47968673599966815679 0.16072380672710251392 0.019880178400224948754
-0.39772794396117983062 0.16170598148867471044 0.019301688642483556813
-0.31575402475880176567 0.16268833753059763758 0.018056601111525925896
-0.23321782130623661122 0.15015533245803650009 0.002753456107920689358
-0.2478271890522265597 0.16221096599449597031 0.015242497695478021344
-0.23651558303018607732 0.17825804125099647957 0.0017475249543060871436
-0.30847833016762188363 0.16277552773219303162 0.017913893523060716445
-0.38019538836973676421 0.16191608748437641419 0.01909141865517892736
-0.4518990582082259011 0.16105680767953958754 0.019758712112516996912
-0.52359674462455241262 0.16019759957861859356 0.01991594615213503755
-0.59529585008887453412 0.15933837447216017691 0.019563161358813800639
-0.66700377765742990821 0.15847904364369555519 0.01870026667062931261
-0.7392631353155529883 0.17294217107569556657 0.002148362437562962874
-0.72231408126477358866 0.16216689021519642422 0.013381524136105649864
-0.72572849399593208908 0.14266363006256616019 0.0026539134719838885362
-0.71952643348622591368 0.049535172700849998406 0.019151353478602257951
-0.73502811665657963314 0.0048921767509198313406 0.0025206220666660087912
-0.7161865623143957027 0.018863497345368730046 0.017504390415477504711
-0.69928251638306027083 0.0017994029736506846756 0.0016714331232532812256
-0.71928686561336963035 0.043769556794349066819 0.019232727144523228263
-0.70504530909015394879 0.087637430385360051699 0.0026553593349233298865
-0.72357206282920993878 0.076689729051563265694 0.015836400364425129439
-0.73843317485134207789 0.093253635353966787824 0.0015119071186946713304
-0.66069666100676638365 -0.07092648453937305808 0.027997867266111177431
-0.58706527961105992031 -0.070569803122388349848 0.02943022802939582877
-0.51345124968852307035 -0.070213205758532515333 0.030324236497397731582
-0.4398465414966012399 -0.06985665355053283232 0.030680136403217980051
-0.36624312935885328102 -0.069500107620813586506 0.030498024760934855371
-0.29263298816409843983 -0.069143529094534944557 0.029777851930132315933
-0.21834790831412312362 -0.09436827109728762597 0.0031854113931697562723
-0.24470621467459136023 -0.069711961538099664892 0.02822741630159559395
-0.22026012922434806685 -0.042844514273485505285 0.0028596480489380508849
-0.29356107512337914489 -0.069148024886485623397 0.029790280834468312737
-0.36643381361477556091 -0.069501031323849632448 0.030499191643832676557
-0.43929997755982769236 -0.069854005913129346705 0.030680766804524327307
-0.51216735332102414358 -0.070206986372626858928 0.030335054824111289812
-0.58504372777885005341 -0.07056001042315669658 0.029461963344246607649
-0.65793689166073399122 -0.070913115804165538503 0.028061259080461226079
-0.73166070140750139039 -0.048388666643737004991 0.0034696170247404162397
-0.71100766038256890678 -0.072826908933979417338 0.025070078952604719913
-0.73497113470152308778 -0.095144780474134271753 0.002395972996683168408
-0.36053442232933696765 -0.22405801966214969334 0.019565028705211415239
-0.36084685918202275001 -0.27550331653434434465 0.021646837369190624623
-0.3813733607825999794 -0.32613484813145565688 0.0034383102339562315354
-0.36258966344042381502 -0.30611568555233170663 0.021221179127184713886
-0.33992853737471445674 -0.32287790283119349732 0.0023459515797414317098
-0.36085652200968887371 -0.2770943805640839197 0.021707042726199797522
-0.36057483573054377457 -0.23071241847840287531 0.019849067890234817907
-0.34730134135806761675 -0.1837742806785338523 0.0049044142261022907053
-0.36469986910703372507 -0.18793974585845085734 0.01361204544331204129
-0.37627941890853772167 -0.17171067755293323298 0.0012992672556856503865
-0.93053588634303530114 -0.48596984664511078122 0.022992724003687615292
-0.95020816882997938269 -0.50749259473597008174 0.0024015557555634946783
-0.8957809690416815851 -0.48415163584073012126 0.023455153714638073831
-0.84060253412309982046 -0.48215480517442321773 0.023062456189684773372
-0.78447084171347225556 -0.498476879061949818 0.0042070180184926820807
-0.80342292701179351955 -0.48012433464157033836 0.021949302966831438222
-0.78449669192172266641 -0.45965904035450710907 0.0020965704170756087159
-0.83934110041658449575 -0.48210915564644341025 0.023049941906506811462
-0.89459970076880346301 -0.48410888738808005582 0.02344991562832718715
-0.95058322518078919305 -0.46654500804270804259 0.0041652187250666586685
-0.60164578155478298793 -0.48456250910133497056 0.020667998232024850647
-0.62032742732623114001 -0.50287083524156273029 0.0021551001953536816531
-0.54452328843742314746 -0.48296499499789380394 0.023233533118039308152
-0.46917027991071413862 -0.48219963329428072729 0.024794492004007854385
-0.39383678952642303672 -0.48143446983675086681 0.025791840189544199685
-0.31851421841994220774 -0.48066941728649831278 0.026225862192799296452
-0.24319397271050474663 -0.47990438835534005024 0.026096681807710731676
-0.16786745957857923672 -0.47913929576587255266 0.025404262190163492963
-0.092526083344280418697 -0.47837405221163831204 0.024148405832352452111
-0.016425595867749359646 -0.49679545813650877184 0.0033197789201124699478
-0.036904630686131360828 -0.48007801453706649975 0.020615169390645272235
-0.022134719098021133493 -0.45748096771896495927 0.0024929164293137039132
-0.10756019175368866647 -0.47852675388937515599 0.024443990419478367482
-0.19260523185898131837 -0.47939055771156441343 0.025693766765445817668
-0.27763492902839759235 -0.48025420569531035442 0.026225634856747354756
-0.36266164653710203369 -0.4811178234145940813 0.026039788018494842287
-0.44769774592732941576 -0.48198153642579888434 0.025136158701326821729
-0.53275559419798956817 -0.48284547034072711202 0.023514418421494109185
-0.61858444653462263396 -0.46626028019567528071 0.0038836051242318340646
-0.034019204823283410999 -0.37815469422038650027 0.019301386403757486016
-0.016901275357072025052 -0.39781621542574258088 0.0019315281652225921825
-0.035961059162783817755 -0.324627467727795882 0.02219337662448214385
-0.035720136499923359208 -0.25189409412461599702 0.022817392388616370563
-0.035479231474271746838 -0.17916604510811112716 0.022916500479738269314
-0.035238318481237665414 -0.10643559077822654924 0.022490727232574114769
-0.034997371912845923192 -0.033695000212242455506 0.021539959507352348517
-0.034488881480843031069 0.06267305927610743177 0.019659492949834427022
-0.03073542603299357287 0.17406074834212612035 0.01947032073929809079
-0.02762906289125743875 0.26186557137386212712 0.018602024010287099287
-0.027354742083056490104 0.34972713079851985851 0.019772445551911124045
-0.028411876455112193562 0.43757917748881502984 0.021495263469385756522
-0.029468724099667029798 0.52540739599005692462 0.022452268492036922543
-0.030525448865161071421 0.61322540275537829046 0.022643831473830578621
-0.031582214523845825171 0.70104680790647733168 0.022070026637972146866
-0.032639184873323442981 0.78888522367198077312 0.020730631647082390506
-0.017320940147820356597 0.87742011109663142765 0.0023999038052944410455
-0.032873210429629116935 0.86013269866384856055 0.018465515796977416407
-0.050618776339427962174 0.87571383870945440631 0.0018913815858391995559
-0.032725557780814672204 0.79606315384087489306 0.02058735241543497782
-0.03177077434494325614 0.7167168746879138963 0.021887180635660516415
-0.0308161817740563726 0.6373864571698341086 0.022562286060384774411
-0.029861659332885672619 0.55806186770856636148 0.022612882132121345929
-0.028907086321641111554 0.47873307567420259057 0.022038984846004860962
-0.027952342014951281346 0.39939004831096469594 0.020840412762122072915
-0.026991860631316814262 0.28990669356664799938 0.018514677801061266149
-0.030586149441241460012 0.17827795927818138044 0.01944604145647628804
-0.033471914754934758984 0.096752243176594435181 0.019602415196859415691
-0.03483545969421086852 0.015185506707001942758 0.020606216273135479627
-0.035105666361410062248 -0.066388564582763875954 0.022032229152222596036
-0.035375813081538032279 -0.14794453814476088427 0.022798022767956449552
-0.035645935964138474039 -0.22949331527402591635 0.022903852987971984323
-0.035916071106014801906 -0.31104579341848992424 0.022349755168611238482
-0.055185944937712949621 -0.3929133062877986915 0.0023234993381867899073
-0.89288140523157788486 0.95105402569597197182 0.024513315767988059363
-0.91223740946416842501 0.92541915636427929392 0.0030032072537384962851
-0.82569004831869641237 0.94833203860248904693 0.028921866981345700082
-0.74017257811244974164 0.94785106046161060611 0.030932637616628198829
-0.65468365583283605336 0.94737024288358206991 0.032217086235317618503
-0.56921069860378803451 0.9468895150982034048 0.032775685291472608784
-0.48374113294466819513 0.94640880638812086012 0.032608640206502573222
-0.39826238737046004701 0.94592804604720170936 0.031715889553517763455
-0.31276188499438356549 0.94544716333893352722 0.030097105002207594215
-0.22722703612382608163 0.94496608745477972402 0.02775169102414795641
-0.14164523084018301735 0.94448474747244581806 0.024678784358046528674
-0.0098937710691308564104 0.94360333544402308359 0.019618385701884719086
0.12247656245937478536 0.94191110836720493005 0.023649938926790844279
0.20870686576815586366 0.94070639524703592027 0.026040328684702591239
0.29490187435593989695 0.93950217522513712609 0.027692404353932335154
0.38107447900667945628 0.93829826820592932002 0.02860678322169584939
0.46723755711122505474 0.93709449428094382384 0.028783806833077806714
0.55340398036702753704 0.93589067362125499816 0.028223541302383980262
0.63958662247061048856 0.93468662637000976545 0.026925777373394469555
0.72579836681258169673 0.93348217253491716505 0.024890030228633161502
0.81251656415296180658 0.91195010084330896394 0.0019865259850290399417
0.79143410682370651799 0.92850474807759419971 0.018826871126137446205
0.80267698497482997677 0.9522413999461905032 0.0028422151815256538158
0.7160380741011154182 0.93361853240186631897 0.025157519853970029822
0.63042591946297921179 0.93481460944185112982 0.02709874247389939747
0.54484111512221589102 0.93601030437414434182 0.028312210674769820729
0.45927104428439941008 0.93720579346645249696 0.028798371524273259914
0.37370309883982638643 0.93840125286514985969 0.028557404097481906002
0.28812467193144086774 0.93959685869910825051 0.027589219637817963271
0.20252315052429323283 0.94079278718351022626 0.025893461477275319521
0.11688590796727486854 0.94198921472376961894 0.023469504715754353763
-0.010261635442272629831 0.94360686289920125969 0.01961986986758082821
-0.13833072720531550126 0.9444661056230972962 0.024545171019780917532
-0.22486107928012402657 0.94495278054191989003 0.027676499384846189877
-0.31134307340646105722 0.94543918347986921624 0.030064121587761793303
-0.39778974320831772538 0.94592538774229750764 0.031708935989188634375
-0.48421410104480716585 0.94641146651495733355 0.032611561159478670568
-0.57062914585019031133 0.94689749290809266391 0.032772336446480095085
-0.65704787095672201325 0.94738354000044200376 0.032191322286899332061
-0.74348327191033358741 0.94786968088319278891 0.030868300261740304336
-0.82994835428915780806 0.94835598870395976245 0.028802772895925324304
-0.91720284924483608258 0.97253009773434839769 0.0025316290666615674093
0.9193204061695263718 0.77993124394728985393 0.024385642281508954077
0.91994533717528947925 0.70267679577473685093 0.027103331437013395561
0.92056996174240679487 0.62546022978171544882 0.029228208695898025282
0.92119435490689161039 0.54827226995863909131 0.030760911339946298698
0.92181859159372270263 0.47110365402273390867 0.031701898844758630291
0.92244274665282333103 0.39394512896916378253 0.032051453215966960175
0.923066894894979173 0.31678744663161717554 0.031809679195482103153
0.89747563815492348294 0.23902182310253175523 0.0050163999760660070437
0.92129257611271864192 0.2619989627336897775 0.029084121567414515652
0.95015405816795694971 0.24546472838061747512 0.0048156636187671620492
0.92302917411095464217 0.32145051875878055681 0.031841079222258324155
0.92241587190166107746 0.39726740623119344287 0.032048584712193059487
0.92180256000027316343 0.47308549184775705587 0.031685131421124612672
0.92118916742755452276 0.54891355011575937439 0.030750614193971723132
0.92057562316692187476 0.62476036015959712788 0.02924476261153686682
0.9199618561315416887 0.70063470978777597775 0.027167140799538601337
0.91934779513136699602 0.77654539956845947124 0.024517147120665515325
0.93592009843788426249 0.85344344902807911524 0.0042536024324424616047
0.91663952082590893777 0.83893135272020158411 0.019731695671655061913
0.89932608599944552363 0.85798984919971721386 0.0018843695349078360118
0.23410282961030032256 0.46775294787425653054 0.022354970691906589364
0.23316320937694076654 0.38093266722396640356 0.026434440287428046662
0.23222429400780919551 0.29417751555648363748 0.029764771357335507301
0.23128594090814180717 0.2074743172112576417 0.032347224986526305901
0.23034800782385173035 0.12080992800570372614 0.034182778361128283995
0.22941035275513274594 0.03417122725281685619 0.035272125671302743954
0.22847283387039959979 -0.052454890190904691905 0.035615678752090249026
0.22753530942044217222 -0.13908152185765440545 0.035213567463388696643
0.2265976376526825653 -0.22572176559061671308 0.034065639809753356371
0.22565967672543613132 -0.31238872746673201908 0.03217146180017849133
0.22472128462204429833 -0.39909552973004341903 0.029530317047661465424
0.2007833257801502902 -0.48661433611622256779 0.0033598067551504485866
0.22415604619527559893 -0.46276833639181230717 0.026993456875574955295
0.24753258210181475207 -0.48740010093827523807 0.0025800130714261600498
0.22471993324801550762 -0.39922039578579143759 0.029525975693463778898
0.22565962560136473836 -0.31239345129673107282 0.032171338232023644066
0.22659888557538587772 -0.22560645836810272469 0.034067663090113636803
0.22753785577760904379 -0.13884624015976740341 0.035215669454972682584
0.22847667863973353253 -0.052099636077822593372 0.035615792550476851885
0.22941549650409215344 0.034646506213803184016 0.035268184039836933397
0.23035445170998294917 0.12140533877111091277 0.034172712165885049673
0.23129368668001032416 0.20819002134742861654 0.032328961629200680949
0.23223334400652784204 0.29501372938073483487 0.029736233203862431212
0.23317356653829884872 0.38188966200120905148 0.026393543090162813192
0.23411449746749388168 0.46883105006936531822 0.022299622003173490831
0.24945704850808486652 0.55656914468009721642 0.0031784453570670172413
0.23544167662453507894 0.5407671233843087677 0.017804163741079338107
0.21922039088918404692 0.55578230120978000528 0.0018201918259475469847
0.3989677489370674901 0.73627782564557331391 0.023887642924843268538
0.37517169628897240052 0.71490014783190203307 0.0024143265806933606431
0.45686867361943472865 0.73992443524128581611 0.028021241220271702471
0.53819486209775502239 0.74117700077078840781 0.029434828683046108944
0.61950317128461140914 0.74242929092793330526 0.030191562846344267151
0.70080442207238413665 0.74368147237338821931 0.030291695451186134019
0.78210943159653545376 0.74493371170995803521 0.029735259804983850407
0.86432294315134872154 0.72032063133684864908 0.0028998938536111185972
0.83760549473406087362 0.74404090785948262532 0.027249291942865513233
0.85975796261485648575 0.77201140952167879306 0.0029681784440054709805
0.7800066023301730489 0.7449013244617315177 0.029757921735947413799
0.70035615741265910827 0.74367456831368228265 0.030292943342935117063
0.62070926257547220928 0.74244786684307961799 0.030197845860186003225
0.54105574769527353673 0.74122106341223592541 0.02947259892947478449
0.46138543926707481502 0.73999400133138493185 0.028116971005192274713
0.38066701417961062992 0.7616614584625897022 0.0034420107121315795216
0.34100400911103290191 -0.057133460451901582622 0.020816289754167060372
0.32219584238518966801 -0.075370795533556730894 0.0021781419747231201174
0.36336101276139570748 -0.054891869872954662801 0.023693682431281812978
0.40331985746571152873 -0.076275128376766379579 0.0035855565597189367234
0.38070059932306238304 -0.056119400268403167586 0.022956063943656530163
0.39780236056924545007 -0.030283083992189506473 0.0025495672566583291174
0.36294788270910771644 -0.054905237563724437755 0.023668720651983742032
0.32429428234364360284 -0.038903103229222649184 0.0042587972644333640243
0.4601112703385914493 0.30334905724787469827 0.022020704892465266939
0.46055489522366371835 0.21943690910809066086 0.026220346330169931603
0.46099817432559431207 0.13559016624008576879 0.029720089722293136641
0.46144117055461963961 0.0517969291013888819 0.032521172854997372481
0.46188394666089094276 -0.031954671569593313951 0.03462458565444502534
0.46232656527008819669 -0.11567648149094851562 0.03603107104107418357
0.46276908891888890452 -0.19938032954616929926 0.036741125570166149883
0.46321158009033502889 -0.28307803447297680277 0.03675499985971432404
0.46365410124912537215 -0.36678141153986665302 0.036072698806300228236
0.46409671487689457825 -0.45050227921856533797 0.034693981589312541947
0.46453948350750712271 -0.53425246586026098328 0.032618361463511651166
0.43817438439306288789 -0.61919523989968006106 0.0032806322061308956783
0.46516139172150910985 -0.59176178589307537603 0.030475383136712930893
0.49215029213808431097 -0.61956437385381168959 0.0029143231977256239817
0.46450788745547594294 -0.52827603692703506422 0.032789548773837141893
0.46403017126175089002 -0.43791547924503682054 0.03494572697968659214
0.46355262457334628357 -0.34758698368588214489 0.036290674947977927256
0.46307516885398464224 -0.25727569502408753621 0.036824945439782201528
0.46259772562720691269 -0.16696676934876131249 0.036548757985087505784
0.46212021642476924788 -0.076645364302568005921 0.035461999102942377837
0.46164256273504389316 0.013703370677136480008 0.033564222187658060426
0.46116468595137272146 0.10409430412863648896 0.030854647060885871668
0.46068650732027888184 0.19454233236132062457 0.027332159188717640441
0.46020794788947011478 0.28506238929000488058 0.02299530856233711687
0.47326558176437177883 0.37658179235569499976 0.0044106188312207977517
0.45546149470551067218 0.3717723592164955404 0.013842220956880849428
0.44373598779505679657 0.38826182177167339882 0.0013212785713216375176
-0.94018819167506351153 0.76635452084928612493 0.018747375738893113511
-0.94135700108061459712 0.675188641056374661 0.023179415326780895834
-0.94252485967676469247 0.58409692337670737761 0.026785630596252021224
-0.94369196292759582878 0.49306412182158848578 0.029567526195895709601
-0.94485850579291863482 0.40207502973493414178 0.031526261936431418387
-0.94602468285874663501 0.31111446961654826149 0.03266265397135702242
-0.94719068846723342148 0.22016728298685833698 0.032977175627060546781
-0.94835671684627209643 0.12921832027854024405 0.032469957883984192082
-0.9495229622389289581 0.03825243074076582761 0.03114078950973668547
-0.95068961903289939119 -0.052745547658158788151 0.028989116844413898716
-0.95185688189016914862 -0.14379079834425001483 0.026014043237717082713
-0.9530249458770614357 -0.23489853628148935072 0.022214328136807522107
-0.9541940065948626426 -0.32608401816034260357 0.017588385823162272503
-0.9661719236437449343 -0.4179264651167355904 0.0014201424555805065852
-0.95832421061708916721 -0.40567358952841736652 0.0098039594816882943973
-0.94440340366552499862 -0.40860360471117473935 0.0019849766434161756484
-0.95408932681570424172 -0.31791910768121456332 0.018036133226671989538
-0.95293852209154605859 -0.22815757372240219603 0.022523634954037495548
-0.95178866931572336796 -0.1384702907124600868 0.026210516634008824283
-0.95063958190357411571 -0.048842705248116631556 0.029098269349386338828
-0.94949107376572550177 0.04073969744222764866 0.031188060059180216371
-0.94834295918733657604 0.13029140291698634857 0.032480732750109743423
-0.94719505270785964157 0.21982687689971236455 0.032976809268663899444
-0.94604716900116170297 0.30936057463017774261 0.032676489835269627304
-0.94489912275581289247 0.39890695020106176072 0.031579653241500860172
-0.94375072855540798056 0.48848046589306359788 0.029685856730700552197
-0.94260180075873856165 0.5780956015212564969 0.026994335561778454863
-0.94145215337965892921 0.66776686380552086053 0.023504002255412537875
-0.94030159996647477705 0.7575087957779577108 0.019213445521235522628
-0.92786607425920797354 0.84788892104790958282 0.0029364844429263358555
-0.94274186213774679999 0.84490459324500222227 0.010753879913759782291
-0.9515697261039715027 0.85856094047726050356 0.0010260625173051957527
0.69449477781644730623 0.46050983127880357193 0.016222460786447151504
0.69417111277233944922 0.37549208351168483766 0.019445401251582901392
0.69384763531955628846 0.29052361073524030077 0.021950947589048228764
0.69352429846703500527 0.20559206971195193026 0.023740008316571206692
0.69320105530527831306 0.1206851386302443957 0.024813231813959325117
0.69287785897911557953 0.035790509948222685999 0.025171006896678366216
0.69255466266052478908 -0.049104116744979817155 0.024813463159629765148
0.69223141952148758982 -0.13401104185906828614 0.023740471091713327007
0.69190808270684533987 -0.21894257293247362806 0.021951641961342714671
0.69158460530712506653 -0.30391103177100525778 0.019446327472733934694
0.67794275729429964716 -0.3894450517255459987 0.0030287145753251313446
0.6919791152037279014 -0.37626423360093047554 0.016086466436686985837
0.70601962647039517851 -0.39095147136421998235 0.0015353277004138781141
0.69157734568743445269 -0.30581793066833545813 0.019381892906570767632
0.69189865032019282065 -0.22142019689519298886 0.021888719089293646319
0.69221981490294237638 -0.13705925033985394412 0.023688648954267546576
0.69254088540656455475 -0.052723015737802268743 0.024782326078166980188
0.69286190774812472792 0.031600568038661999704 0.025170141374922926081
0.69318292781714563322 0.11592355488256217422 0.024852233436728717042
0.6935039915018489376 0.20025799834559199208 0.023828488654904493582
0.69382514471540013279 0.28461595853104659781 0.022098541120820755501
0.69414643342217841049 0.36900950899471784972 0.019661772306718287157
0.69446790366411081941 0.45345074366214654926 0.01651731052590273488
0.70551338839852451024 0.5384507607372981397 0.0020359948489285292078
0.69196874651564366232 0.53403345667474466651 0.010084451791889438924
0.68340262174988952726 0.54621630165097168064 0.00096202414414235063334
0.47057075383358959453 -0.74056060966725412165 0.025845057936738146526
0.4712020522134615641 -0.79845078481556785999 0.026638086352045994842
0.47183327046103495928 -0.8563336118176574363 0.02709840937549231471
0.44797618958074542084 -0.91449653905081074168 0.0029811005194804347795
0.47268312895613889824 -0.8905258402135372009 0.026741869862256326812
0.49739201710603642148 -0.91492475351936874972 0.0025562685566742565993
0.47185761098656703316 -0.85856564239340271705 0.027109499555283127215
0.47124022082195271555 -0.80195085308940239344 0.026675369202178722539
0.47062275645804885205 -0.74532925969724161952 0.025922954163393716748
0.49180575343952409595 -0.68798096650913831418 0.0032579184784515590259
0.46748805279457139594 -0.70508406528124445423 0.022525952556965767037
0.44714613260753954815 -0.68239389504778502626 0.0021523940141059683118
-0.8533281943877429887 -0.95646936468770182849 0.018997489911347278241
-0.87055673073517947369 -0.9731217396143937437 0.0019271481280888904612
-0.78287105904874099149 -0.95694345343816433758 0.020655539991120894228
-0.69581647689760250941 -0.95762096346526370816 0.021933432048626640143
-0.60877779005040344451 -0.95829834978574834903 0.0224594103797517812
-0.5217417487376384555 -0.95897571551712412763 0.022233675149405579541
-0.43469510480067935498 -0.95965316376436671231 0.021256140455526085359
-0.34762460362444619344 -0.96033079768269502541 0.019526434249298590951
-0.2605169760617230823 -0.96100872054042774106 0.017043897989577855984
-0.15465383220678299847 -0.96212647206510548692 0.013305558115810108347
-0.071123249099770760595 -0.96644864367579330633 0.015526532344127916274
-0.0060905471151731756588 -0.96722178234335720592 0.019787183091627434661
0.068451594293180220707 -0.96758276600744319573 0.024537880003805905005
0.16555981401261068986 -0.96537429643050143291 0.027253402457274734927
0.25311935090792347935 -0.96332025145973543268 0.028837305335248277632
0.34065754746629328675 -0.96126670710847306189 0.029659625085415329548
0.42818791020328383912 -0.9592133465295555883 0.02972067886127951683
0.51572394080030414809 -0.95715985298922856561 0.029020490207621100348
0.60327914443626584617 -0.955105909671692066 0.027558789082661485498
0.69086703812384486767 -0.95305119948353711479 0.025335011603886674336
0.7785011590612330723 -0.95099540485782996235 0.022348299517127759306
0.86738302896399832598 -0.96563003573705286087 0.002030791724300567546
0.84918401831761713972 -0.95262610242022482954 0.016136520407015585848
0.85812733959370146586 -0.93238392422907567791 0.0024027835597844257598
0.76820962283190130648 -0.95123683233658118397 0.022738517928690343134
0.67874288718281772237 -0.95333561797349597455 0.025688234905543807368
0.58932238530032898804 -0.95543331901998085343 0.027842794938482181427
0.49993371326670138499 -0.95753027337520424389 0.029203064776965288046
0.41056248765069336404 -0.95962681845774855383 0.029769591404829764958
0.32119433624536603 -0.96172329142288215387 0.02954260257712999424
0.23181488882125578233 -0.9638200293794888518 0.028522007043576203672
0.14240976788225906402 -0.96591736960691421121 0.026707394459023283545
0.052938556842293080229 -0.96756279970239367216 0.023648973818432061922
-0.084914713600608621169 -0.96598568814951779604 0.01486430864236451023
-0.21476228854102202837 -0.96136481046488830859 0.015438748517774637803
-0.29670465994011663291 -0.96072708667258033266 0.018166543520321692257
-0.37860732801658730784 -0.9600896718749106773 0.020228089095865649932
-0.46048133932309148753 -0.95945248010110184556 0.021624079578341757341
-0.54233772497020116266 -0.95881542550055531837 0.022354984943581734935
-0.62418750657464117104 -0.95817842229655736386 0.022421051195495061981
-0.7060417021967673179 -0.95754138474007399751 0.021822300568125525128
-0.78791133227390297566 -0.95690422706357258775 0.020558531543914560641
-0.87013833979228305537 -0.93981843590453084669 0.0023420803394371171591
