111
d -10.787488773834635225 -0.079999998211860046116 10 -0.072130476500907925175 0.077349334422263923972 1
d -0.78948786026796669013 -0.066502683181090718745 0.0019899757405244509513 0.077349334422085011531 74.631001022078152118 1
d -0.81050677206489707416 -0.14297294766228249574 0.081296318506727929809 74.63100102207867792 192.08978753289386532 1
d -0.83773450518222258854 -0.15930531097391750772 0.052270097006736938872 -179.23849928600952808 56.471557239422985219 1
d -0.8016152653374463144 -0.10479390657977888379 0.013121742667535780599 -123.52844276057705031 -147.45998442900054215 0
d -0.79990385099143201941 -0.10370193428452681439 0.015151851668880686116 -147.45998442900057057 -316.07390860006660205 0
d -0.7883653318303326385 -0.092588044410311279298 0.0008686343589291269443 -136.07390860006788103 -0.072130476501008219947 1
d 9.2374921994141523385 -0.077500000596047058377 10 179.94033483030739262 180.06445778410599701 1
d -0.76167861585576468464 -0.08874907812036690602 0.00082285712015244048649 -179.93554221589369035 -68.063687034213018023 1
d -0.75215908888081084438 -0.11238634598650029672 0.024659329324542976491 111.93631296579025047 5.3459507469950580116 0
d -0.34404291204791975778 -0.074196405758755537563 0.38523978671170117094 -174.6540492530049562 -173.2118449402672411 1
d -1.1917714201635116744 -0.17510416917071719434 0.46847327994986259769 6.788155059732787322 -10.466729355443712635 0
d -0.74396309801696802744 -0.25783159813427275475 0.013087596285320159811 -10.466729355443803229 -68.483092428589557699 0
d -0.65573495667626324757 -0.4816181013131242139 0.22746303025606606774 111.51690757141051336 148.92823178651556759 1
d -0.85016780023014049128 -0.36445933990384216106 0.00046015356195112900543 148.9282317865187224 313.60138079243199627 1
d -0.81275001007318559143 -0.4037499943375614242 0.053797072187803739174 133.60138079242520348 68.414032841171803057 0
d -0.79140657266403424686 -0.34980402682777095302 0.0042176650003084483614 -111.58596715882805483 -37.004962940944672312 1
d -0.65583717771032756794 -0.45198130581629275548 0.16554469004229904749 142.99503705905499373 103.96376138260376365 0
d -0.71029052161950534394 -0.23299090716835474391 0.060114259177256622324 -76.036238617396207928 -61.044795266618926632 1
d -0.73876224410943469589 -0.18153171961868974638 0.11892486166367181866 -61.044795266618898211 100.49774622288983039 1
d -0.7599682727458284548 -0.067089104780428648889 0.0025341071272992482522 100.49774622289035619 179.94033483037580368 1
d -0.81700778107382809878 -0.45022308822769441239 0.069675554395029953847 69.406149255226580408 204.45111988176319073 1
d -0.87015916991434505423 -0.47439083102127038716 0.011287628182393502282 -155.548880118236724 -142.3929617226673372 1
d -0.86500000953674316406 -0.4704167329600666414 0.017799954280024104375 -142.3929617226673372 -38.064827436299566443 1
d -0.84390980356524336603 -0.48693267020177671833 0.0089875982564132875924 141.93517256370037671 117.37759938065057952 0
d -0.81125000119209289551 -0.55000015348213804334 0.080009919665755449558 117.37759938065057952 63.849642978789646008 0
d -0.73334556324026789476 -0.39133054158350855101 0.096753049286034495391 -116.1503570212103682 -105.57010902470206304 1
d -0.72780302563413412642 -0.37143934422999907996 0.11740200701449307608 -105.57010902470206304 -39.223052541543232508 1
d -0.66816066703209686661 -0.42012243662768522512 0.040413342751397456076 -39.223052541543232508 -20.961115500781058785 1
d -9.9686559648503898501 3.1427631352794782593 10 -20.961115500780412191 -20.570652605207708774 1
d -0.52384927628802002708 -0.40178617492420731772 0.088022759529138711043 159.42934739479235873 156.20042823328671489 0
d -0.61819767914893819505 -0.36017441341786105014 0.015094454446352083971 -23.799571766713153664 187.52218112931572591 1
d -0.64849862501958877026 -0.36417554306610910864 0.015469517139784861107 7.5221811293156850553 -19.948936460201817766 0
d -0.70296027016834072842 -0.34440807519283145322 0.073407618406823665902 -19.948936460201831977 -61.151687705081471336 0
d -0.67211448305552901061 -0.40040445746342939737 0.0094775205654795309507 -61.151687705081407387 -93.058434642272715109 0
d -0.65093102423803805845 -0.0039370107639593162827 0.4065104854687347502 -93.058434642273155646 -110.38057295190519369 0
d -10.270833035251330401 -0.078904152136520994132 10 -0.085277151362903730325 0.08459001949030245382 1
d -0.27206486418402597849 -0.064142216507407159853 0.0012209318591249165766 0.084590019490479506636 106.98205324716319353 1
d -0.20843485641174955281 -0.2724999934434890192 0.21907808941619485998 106.98205324716388986 252.99043559567562056 1
d -0.27214223223576794464 -0.48075308863898247314 0.0012984269293456111947 -107.00956440432332784 -0.083107468644950985293 1
d -10.270833286938000128 -0.46624998748302398655 10 -0.083107468644805684854 0.08429502187415106873 1
d -0.27248014558407729346 -0.45154014302312223128 0.0016360378937055851389 0.084295021873826245229 84.418875654180425272 1
d -0.27041595670154655595 -0.43041626182380726684 0.019588458158392722114 -95.581124345820057897 -181.21762677645014605 0
d -10.288759602187150577 -0.27250000461935935947 10 -0.90244585496489793108 0.89962571166812554946 1
d -0.27729249262550043076 -0.11529272831071672722 0.012701324495757615463 -179.1003742883318921 -184.88914009849284525 0
d -0.2692965988615781403 -0.11597669155232180616 0.020726417816074725609 175.11085990150718317 98.329615808168313151 0
d -0.27254569059856270652 -0.093785284745156877184 0.001701581051332668338 -81.670384191831729481 -0.085277151362776845711 1
d 9.7675822073050859728 -0.46750918059571405783 10 179.91472284863709774 180.08459001949026401 1
d -0.23118596376220917898 -0.48227111622482671249 0.0012209318591249165766 -179.91540998050950861 -73.017946752836778046 1
d -0.29481597153448563242 -0.27391333928874506132 0.21907808941619485998 -73.017946752836124347 72.990435595675606351 1
d -0.23110859571046726835 -0.065660244093252134734 0.0012984269293456111947 72.990435595676672165 179.91689253135507442 1
d 9.7675824589917521479 -0.080163345249206471865 10 179.91689253135521653 180.08429502187411231 1
d -0.23077068236215786401 -0.094873189709112196177 0.0016360378937055851389 -179.91570497812617191 -95.581124345819546306 1
d -0.23283487124468865703 -0.11599707090842707735 0.019588458158392722114 84.418875654179970525 -1.2176267764501902402 0
d 9.7855087742409132545 -0.27391332811287089077 10 179.09755414503513293 180.89962571166807948 1
d -0.225958335320734921 -0.43112060442151711737 0.012701324495757615463 0.89962571166810789691 -4.8891400984928354845 0
d -0.23395422908465712819 -0.43043664117991214946 0.020726417816074725609 -4.8891400984928514717 -81.67038419183171527 0
d -0.23070513734767256198 -0.45262804798707689802 0.001701581051332668338 98.329615808168270519 179.91472284863721143 1
d -9.7974887738346545518 -0.079999998211860032238 10 -0.072130476500907925175 0.077349334422263923972 1
d 0.20051213973203338425 -0.066502683181090718745 0.0019899757405244509513 0.077349334422085011531 74.631001022078152118 1
d 0.17949322793510302798 -0.14297294766228249574 0.081296318506727929809 74.63100102207867792 192.08978753289386532 1
d 0.15226549481777748585 -0.15930531097391750772 0.052270097006736938872 -179.23849928600952808 56.471557239422985219 1
d 0.18838473466255378774 -0.10479390657977885604 0.013121742667535780599 -123.52844276057705031 -147.45998442900054215 0
d 0.19009614900856802722 -0.10370193428452678663 0.015151851668880686116 -147.45998442900057057 -316.07390860006660205 0
d 0.20163466816966743589 -0.09258804441031126542 0.0008686343589291269443 -136.07390860006788103 -0.072130476501008219947 1
d 10.227492199414127683 -0.077500000596046461632 10 179.94033483030739262 180.06445778410599701 1
d 0.22832138414423538975 -0.088749078120366919897 0.00082285712015244048649 -179.93554221589369035 -68.063687034213018023 1
d 0.23784091111918917449 -0.11238634598650037999 0.024659329324542976491 111.93631296579025047 5.3459507469950580116 0
d 0.64595708795208028885 -0.074196405758755676341 0.38523978671170117094 -174.6540492530049562 -173.2118449402672411 1
d -0.20177142016351098941 -0.17510416917071716658 0.46847327994986259769 6.7881550597327953156 -10.466729355443716187 0
d 0.24603690198303199144 -0.25783159813427292129 0.013087596285320159811 -10.466729355443805005 -68.483092428589557699 0
d 0.33426504332373657702 -0.48161810131312426941 0.22746303025606606774 111.51690757141049914 148.92823178651556759 1
d 0.13983219976985966637 -0.36445933990384210555 0.00046015356195112900543 148.9282317865187224 313.60138079243205311 1
d 0.17724998992681448295 -0.40374999433756136868 0.053797072187803739174 133.60138079242520348 68.414032841171803057 0
d 0.19859342733596585528 -0.34980402682777106405 0.0042176650003084483614 -111.5859671588280122 -37.004962940944672312 1
d 0.33416282228967236767 -0.451981305816292811 0.16554469004229904749 142.99503705905499373 103.96376138260376365 0
d 0.27970947838049464718 -0.23299090716835482717 0.060114259177256622324 -76.036238617396207928 -61.044795266618898211 1
d 0.25123775589056529522 -0.18153171961868977413 0.11892486166367181866 -61.044795266618898211 100.49774622288983039 1
d 0.23003172725417161959 -0.067089104780428718278 0.0025341071272992482522 100.49774622289035619 179.94033483037580368 1
d 0.17299221892617200336 -0.45022308822769441239 0.069675554395029953847 69.406149255226580408 204.45111988176319073 1
d 0.11984083008565503403 -0.47439083102127044267 0.011287628182393502282 -155.548880118236724 -142.3929617226673372 1
d 0.12499999046325695196 -0.47041673296006669691 0.017799954280024104375 -142.3929617226673372 -38.064827436299566443 1
d 0.14609019643475676387 -0.48693267020177671833 0.0089875982564132875924 141.93517256370037671 117.37759938065057952 0
d 0.17874999880790720663 -0.55000015348213793231 0.080009919665755449558 117.37759938065057952 63.849642978789646008 0
d 0.25665443675973209636 -0.39133054158350860652 0.096753049286034495391 -116.1503570212103682 -105.57010902470206304 1
d 0.26219697436586592021 -0.37143934422999919098 0.11740200701449307608 -105.57010902470206304 -39.223052541543232508 1
d 0.32183933296790306899 -0.42012243662768528063 0.040413342751397456076 -39.223052541543232508 -20.961115500781058785 1
d -8.9786559648504091768 3.1427631352794787034 10 -20.961115500780412191 -20.570652605207708774 1
d 0.46615072371197985301 -0.40178617492420737323 0.088022759529138711043 159.42934739479235873 156.20042823328671489 0
d 0.37180232085106168505 -0.36017441341786110565 0.015094454446352083971 -23.799571766713153664 187.52218112931572591 1
d 0.34150137498041116535 -0.36417554306610916415 0.015469517139784861107 7.5221811293156850553 -19.948936460201817766 0
d 0.28703972983165926269 -0.34440807519283150873 0.073407618406823665902 -19.948936460201831977 -61.151687705081471336 0
d 0.31788551694447092499 -0.40040445746342950839 0.0094775205654795309507 -61.151687705081407387 -93.058434642272715109 0
d 0.33906897576196187716 -0.0039370107639593275584 0.4065104854687347502 -93.058434642273155646 -110.38057295190519369 0
d 1.8331993039340341856 -10.02078401649218975 10 95.835058453793834587 96.582453580784317637 1
d 0.6761091735406894454 0.0065482546995857537908 0.093871905603800112616 -83.417546419215668152 -89.084116429307698581 0
d 0.67781251203268766403 -0.099999997764825848678 0.012689961240011869356 90.915883570692585636 270.47570734176974838 1
d 0.67797443056557593621 -0.11950155801164918934 0.0068122711878865552237 90.475707341769677328 51.506261163237248013 0
d 0.64874995996550466337 -0.15624999503295022851 0.053764558729208322685 51.506261163237475387 -1.3322232381907148646 0
d 10.701356092073131876 -0.30875000357627929715 10 179.13336826280800551 180.84496594376207668 1
d 0.70032035365771416746 -0.45625034920989848697 0.0021233842131979261889 0.84496594376217837308 -113.65506485451389551 0
d 0.69374999403953541144 -0.47124999761581420898 0.014252179221789054372 66.344935145487568207 295.79848122581819325 1
d 0.70674825545059094534 -0.49814001181559219855 0.015614652939898230125 115.79848122581813641 89.673911549043467062 0
d 0.76374998688697881555 9.5173124332214094068 10 -90.326088450964746812 -89.682912514427968631 1
d 0.81929111055394421292 -0.51852824738714653474 0.035994369417301816383 90.317087485572059791 76.280543372181753625 0
d 0.83083331584930419922 -0.47124999761581432001 0.012672409852757863385 -103.71945662781797637 106.35122383453651196 1
d 0.82677835461898763203 -0.45742899220854610354 0.0017311626571129862685 -73.648776165463559096 -181.03795622630721596 0
d -9.173311666204652326 -0.27625000476837097141 10 -1.037956226305674523 1.0267339051652941695 1
d 0.89611461184893548282 -0.095787704587969382808 0.071043253354766036645 -178.97326609483468474 -184.12556148986539029 0
d 0.82607440599044401619 -0.090735751458100671885 0.00082108686065786502285 175.87443851013495077 132.31839404003392247 0
d 0.81865123242291837347 -0.082583049728235477516 0.010204794115924380876 -47.681605959968344166 101.88835113283677458 1

Metadata: 
LoopIdx: 0 7 21 36 47 58 65 79 94 