158
-0.79670478331739347233 -0.079544986667828151972 0.0091238391302188737858
-0.78948786026796646809 -0.066502683181090593845 0.001970075983118995018
-0.83430885536338050823 -0.088965379834077318311 0.022053587594242689274
-0.84919127067053268298 -0.12320848194042463564 0.037476719097225698329
-0.83773450518222258854 -0.15930531097391750772 0.051747396036669571218
-0.83773450518222258854 -0.15930531097391750772 0.051747396036669571218
-0.83773450518222247752 -0.15930531097391750772 0.051747396036669536523
-0.84452462376397674504 -0.1469693348364914387 0.046574079948867898315
-0.8195040593683511343 -0.078824057462214519587 0.016354342620730044633
-0.7883653318303326385 -0.092588044410311320931 0.00085994801533979608413
-0.75269444264196094796 -0.077917824674256327966 0.0097152157144000089034
-0.76167861585576479566 -0.088749078120367072553 0.00081462854895071644748
-0.73133887629525995422 -0.078222235756514532645 0.015195525645830633421
-0.69253058199853423371 -0.11123632501947094964 0.034441310825113820304
-0.67254220669556541434 -0.16570986851926844396 0.050332501967552185917
-0.67732761660573859164 -0.21753565819259859659 0.047240264561694590706
-0.71903006871642782816 -0.27836647112735057874 0.019020999318877965939
-0.77226085126030696859 -0.30877904974136322069 0.018822379054020961509
-0.80984555443099404126 -0.33515668080374672044 0.014709128623547455122
-0.8501678002301406023 -0.36445933990384221657 0.00045555202633155983524
-0.82466672275301233785 -0.34248781801690919568 0.008527228325480135443
-0.79140657266403424686 -0.34980402682777111956 0.0041754883503052203642
-0.77451198860973846649 -0.3104730074258557071 0.018948263680947520504
-0.73887202956696829137 -0.28883456728866224728 0.017341999146112632713
-0.6996254169120437183 -0.26012210100159049997 0.030652517161586120137
-0.67671787880298162055 -0.21555110756535345029 0.047684301394093596416
-0.67163550523955350968 -0.17734113601390374959 0.051150770800356515355
-0.67919754924891706516 -0.13844459500791356232 0.044955776809597676469
-0.70428856318692145688 -0.095388298294207390926 0.025878103000609276041
-0.75996827274582834377 -0.0670891047804287044 0.0025087660560263375965
-0.8275746839343151029 -0.42695130703378331161 0.043675916509262564802
-0.84758248765846766482 -0.43875281009911615282 0.036649879880313346314
-0.87015916991433817085 -0.47439083102126622382 0.0111747519005774721
-0.8650012755872177328 -0.47073364288037478076 0.017308211412491534414
-0.86335002509702640783 -0.46348050930515483081 0.021259537801524359263
-0.81258374940177224843 -0.42546856268251209698 0.044083525098065623471
-0.75253265952112990966 -0.44168141355978174367 0.042441557480668266888
-0.71915777315181927953 -0.44678483790591361213 0.041146529180290158934
-0.68824920002174927447 -0.44380199046466639601 0.034585347211090737563
-0.65386295006741723679 -0.42840789431842091206 0.023649522392035705193
-0.63227333434439780824 -0.39743597414928533151 0.014809083507913033476
-0.61866947468928945586 -0.36311950711927920565 0.014234537453836650783
-0.61819767914893819505 -0.36017441341786105014 0.014943509901888541933
-0.61953315033210232254 -0.36732904355420864517 0.013530443115241194696
-0.63513368920954915708 -0.40244053034630705712 0.01569864535953336207
-0.66401716925674092451 -0.43577354276401925048 0.026538551469631341262
-0.71974261940672545901 -0.4467722351119521873 0.041222731750467533907
-0.76398290966590298723 -0.43774728837561749373 0.041370731366656927908
-0.28263778398567468431 -0.078964044918897968728 0.01168670106922725313
-0.27206486418402597849 -0.064142216507407132098 0.0012087225405336325754
-0.32268505419821702507 -0.12542374744581344381 0.032511855472071568562
-0.34654986219121958202 -0.18852057340414871134 0.056861233505628161478
-0.35690478028409794442 -0.24513566755802132513 0.067426406123535911896
-0.35691129691778189503 -0.29979181264242821259 0.067433055137940720036
-0.3465712925473762307 -0.35640162072623005063 0.056883099190621649877
-0.3227283013792670574 -0.41948617820625105912 0.032555981110792220345
-0.27214223223576794464 -0.48075308863898247314 0.0012854426600521578171
-0.28256194792152622419 -0.4661464754618467321 0.011611373842688101077
-0.27248014558407723795 -0.45154014302312217577 0.001619677514768427893
-0.29744431010601890542 -0.4544136836638605903 0.016390252201576333002
-0.34359756295806248572 -0.36658638193626064128 0.05384898865121005157
-0.35650618006711293217 -0.30398355182606379143 0.067019712478510171105
-0.35655642155010985883 -0.24150549235211710153 0.067070974033708638529
-0.34374868787885215493 -0.17890460185891365885 0.054003181919821868773
-0.31691038952216332714 -0.11391287048007318894 0.026671188810744123066
-0.29654701134757427416 -0.090315368704781448517 0.016537651545086774763
-0.27254569059856276203 -0.093785284745156849429 0.0016845652408193718865
-0.22061304396056061194 -0.46744928781333583423 0.01168670106922725313
-0.2311859637622092345 -0.48227111622482671249 0.0012087225405336325754
-0.18056577374801835445 -0.42098958528642049792 0.032511855472071568562
-0.1567009657550157975 -0.35789275932808534142 0.056861233505628161478
-0.14634604766213746285 -0.30127766517421272763 0.067426406123535911896
-0.14633953102845359551 -0.24662152008980595119 0.067433055137940720036
-0.15667953539885917658 -0.19001171200600425193 0.056883099190621649877
-0.18052252656696837763 -0.12692715452598318793 0.032555981110792220345
-0.23110859571046715732 -0.065660244093252245756 0.0012854426600521578171
-0.22068888002470912757 -0.080266857270387834133 0.011611373842688101077
-0.2307706823621578085 -0.094873189709112390466 0.001619677514768427893
-0.20580651784021630757 -0.091999649068373864913 0.016390252201576333002
-0.15965326498817283829 -0.17982695079597355026 0.05384898865121005157
-0.1467446478791224751 -0.24242978090617048337 0.067019712478510171105
-0.14669440639612563171 -0.30490784038011697898 0.067070974033708638529
-0.15950214006738325234 -0.36750873087332031064 0.054003181919821868773
-0.18634043842407199687 -0.4325004622521608777 0.026671188810744123066
-0.2067038165986610776 -0.4560979640274525071 0.016537651545086774763
-0.23070513734767256198 -0.45262804798707689802 0.0016845652408193718865
0.1932952166826065743 -0.079544986667828124216 0.0091238391302188737858
0.2005121397320336063 -0.066502683181090579967 0.001970075983118995018
0.15569114463661956616 -0.088965379834077290555 0.022053587594242689274
0.14080872932946744691 -0.12320848194042460788 0.037476719097225698329
0.15226549481777748585 -0.15930531097391750772 0.051747396036669571218
0.15226549481777748585 -0.15930531097391750772 0.051747396036669571218
0.15226549481777759687 -0.15930531097391750772 0.051747396036669536523
0.14547537623602338486 -0.1469693348364914387 0.046574079948867898315
0.17049594063164896784 -0.078824057462214505709 0.016354342620730044633
0.20163466816966743589 -0.092588044410311293175 0.00085994801533979608413
0.23730555735803907091 -0.077917824674256327966 0.0097152157144000089034
0.22832138414423533423 -0.088749078120367141942 0.00081462854895071644748
0.2586611237047400369 -0.078222235756514560401 0.015195525645830633421
0.2974694180014657019 -0.11123632501947100515 0.034441310825113820304
0.31745779330443452126 -0.16570986851926847172 0.050332501967552185917
0.31267238339426128846 -0.21753565819259862435 0.047240264561694590706
0.27096993128357216296 -0.27836647112735063425 0.019020999318877965939
0.21773914873969313355 -0.30877904974136322069 0.018822379054020961509
0.18015444556900611639 -0.33515668080374672044 0.014709128623547455122
0.13983219976985952759 -0.36445933990384232759 0.00045555202633155983524
0.16533327724698779204 -0.3424878180169092512 0.008527228325480135443
0.19859342733596579977 -0.34980402682777117507 0.0041754883503052203642
0.21548801139026158014 -0.3104730074258557071 0.018948263680947520504
0.25112797043303169975 -0.2888345672886623583 0.017341999146112632713
0.29037458308795627282 -0.26012210100159044446 0.030652517161586120137
0.31328212119701825955 -0.21555110756535345029 0.047684301394093596416
0.31836449476044642592 -0.1773411360139038051 0.051150770800356515355
0.31080245075108287045 -0.13844459500791359008 0.044955776809597676469
0.28571143681307847872 -0.095388298294207474193 0.025878103000609276041
0.2300317272541716751 -0.067089104780428746033 0.0025087660560263375965
0.16242531606568499924 -0.42695130703378342263 0.043675916509262564802
0.14241751234153246508 -0.43875281009911620833 0.036649879880313346314
0.11984083008566191741 -0.47439083102126622382 0.0111747519005774721
0.12499872441278238322 -0.47073364288037478076 0.017308211412491534414
0.12664997490297372207 -0.46348050930515483081 0.021259537801524359263
0.17741625059822785371 -0.4254685626825121525 0.044083525098065623471
0.23746734047887010921 -0.44168141355978174367 0.042441557480668266888
0.27084222684818071158 -0.44678483790591361213 0.041146529180290158934
0.30175079997825071665 -0.44380199046466639601 0.034585347211090737563
0.33613704993258269882 -0.42840789431842102308 0.023649522392035705193
0.35772666565560207186 -0.39743597414928538702 0.014809083507913033476
0.37133052531071042424 -0.36311950711927926116 0.014234537453836650783
0.37180232085106168505 -0.36017441341786110565 0.014943509901888541933
0.37046684966789755755 -0.36732904355420875619 0.013530443115241194696
0.35486631079045072301 -0.40244053034630716814 0.01569864535953336207
0.3259828307432590111 -0.435773542764019306 0.026538551469631341262
0.27025738059327453211 -0.4467722351119521873 0.041222731750467533907
0.22601709033409708716 -0.43774728837561754924 0.041370731366656927908
0.77830694403464417697 -0.12406356037419666305 0.046745614197519595734
0.73437768447298845675 -0.1205742027458556187 0.038607897574851703093
0.68310608283732676682 -0.10022769344736848218 0.013001716347945221214
0.67781251203268766403 -0.099999997764825848678 0.012563061627611751131
0.68455809480228146935 -0.10039097804474532427 0.013266563138379898132
0.73014937422307524262 -0.11814220947782953786 0.035752378881334666294
0.76412007287335992345 -0.23265588576658191577 0.061847914332323623843
0.76399871255500129141 -0.30687115022426370015 0.062016018436087623489
0.76387734961508202414 -0.38108801784090717835 0.061635395764923259221
0.70889645840013137956 -0.46916089287364115545 0.013242265525683421731
0.69374999403953541144 -0.47124999761581420898 0.014109657429571180118
0.70056727641305616139 -0.4707934097581979449 0.012297554677911019458
0.74433737722415693749 -0.44055976171966787502 0.041687794062277204465
0.78159528254034382755 -0.43890729607390688294 0.04332663519228808352
0.82488191657174059213 -0.47094447414327206269 0.011797553821803082735
0.83083331584930419922 -0.47124999761581432001 0.012545685754230291933
0.81770695456418862612 -0.46931822835409753303 0.013091341126293655484
0.76387151620261062313 -0.3846553144256950052 0.061603279915306813352
0.76398863630299629346 -0.3130330630918646273 0.062005305006724992234
0.76410575291512461416 -0.24141294492590062437 0.061896302702913200133
0.76422287820636580769 -0.16978751923665832968 0.061276244692488809895
0.80559229863011916351 -0.093339169613757932975 0.01931704728898418072
0.81438349075561133894 -0.085058044349288861041 0.012053843531058225022
0.8186512324229190396 -0.082583049728235172204 0.010102746174764481654

Metadata: 
LoopIdx: 0 10 30 48 67 86 96 116 134 