159
d 49.087814363598383238 0.42749999091028861864 50 179.51264025615654418 180.48215099962072827 1
d -6.7794976688701087397 -0.042641377593880119834 5.8692901927309053534 0.48215099962074581263 -0.43058276040670712126 0
d 49.088214879444855399 -0.46249999478459663527 50.000000000000007105 179.56941723959329238 180.43841820099220286 1
d -0.86975277436262954378 -0.84477788625434147018 0.040569774213991736944 -179.56158179900785399 -90.474229458628656175 1
d -0.45625001308507912023 49.112941076400431939 50 -90.474229458627036138 -89.529743439165713426 1
d -0.0020325195709148952128 -6.2274053467908236925 5.3422104344435394907 90.470256560834300785 89.539770627495926192 0
d 0.44249999406747825281 49.113019720374587962 50 -90.460229372504059597 -89.538569263773311491 1
d 0.84482329426119939786 -0.84231902859074914147 0.043041189822653674879 -89.538569263773254647 -0.46716054487702990405 1
d -49.110474970957447738 -0.43499999539926342829 50.000000000000007105 -0.46716054487693015052 0.46652749582576752418 1
d 6.2197749266983022309 0.015533248517633782559 5.3320841279352819697 -179.53347250417425585 -180.45506788095653405 0
d -49.110563974520971442 0.45499999029562182562 50 -0.45506788095654454596 0.45624549489652704848 1
d 0.84529354331866446426 0.85280619671092960932 0.042558611148253537582 0.45624549489652327372 89.526565078288655286 1
d 0.43249999359249763353 -49.102929726262530608 49.999999999999992895 89.526565078294993327 90.471657098327156632 1
d -0.023101471675727132393 6.2411996003373539921 5.3460045858286724396 -89.528342901672843368 -90.458765048052114821 0
d -0.46625001356005973951 -49.103030839559394849 50 89.54123495194789939 90.460143144248775116 1
d -0.8674516001126316711 0.85243133868870502035 0.042926785534879469131 90.460143144248803537 179.5126402561512009 1
d -0.52500000596046136891 50.794201947826898902 50 -90.298799132410536572 -89.676277124760986226 1
d 0.051249995827677925775 50.794137118600858116 50 -90.336614644484242831 -89.66338535551577138 1
d 0.57125000655651403392 50.794488123408889635 50 -90.259264295947559731 -89.766662133647201927 1
d 0.77496646313297690156 0.77247998175147192246 0.022422961295277429178 90.233337866352655965 -0.26771573611339921639 0
d 50.796843369322466799 0.53875000774860071218 50 179.73228426388612888 180.29364216570863277 1
d 50.796301109322897105 -0.063749998807910171483 50.000000000000007105 179.60322355828390073 180.39677644171609927 1
d 50.797094997032530728 -0.61124999821186376536 50 179.76938386272033199 180.20755452355169268 1
d 0.77745446104665505427 -0.7924474295086008091 0.019968731081290925361 0.20755452355159856315 -90.227608221276938139 0
d 0.57875001430511163747 -50.812021482085206969 50 89.772391778691002173 90.250669835036958943 1
d 0.03375001251697234278 -50.811435598033817485 50 89.626142383725763807 90.373857616274236193 1
d -0.54999999701977086985 -50.811836933063517563 50 89.704925422265930024 90.2655671199606644 1
d -0.78186848650112616976 -0.78685373919515488872 0.025520552446294648974 -89.734432880039378233 -180.23262165407240332 0
d -50.806976736380732973 -0.58374999463557886159 50 -0.23262165407259749461 0.26212911184600767855 1
d -50.806221925920731053 0.0025000125169784641853 50 -0.40966831616294341334 0.40966831616293647444 1
d -50.807026940025288297 0.57750001549721075023 50.000000000000007105 -0.24923742828471182054 0.22431368545623381339 1
d -0.78586262832528142042 0.77333449300437429041 0.021547659390454533546 -179.77568631454388992 -270.29879913244116096 0
d 24.282487528601144788 0.46500000357627713221 25 179.95047751995332419 180.05156622245044673 1
d -0.71497279839284999525 0.44250227409410697321 0.0025295490229564837961 -179.94843377755017855 -90.618806751557841039 1
d -0.44499998539686047572 25.43851482865395397 25 -90.618806751593723448 -89.383234562405618817 1
d -0.17592742084461707175 0.44339365371399613869 0.0034305834795292952481 -89.383234562405519341 -0.049524908451014128252 1
d -25.172487499394868848 0.46500000357628024084 25 -0.049524908451149915467 0.051954767164069069751 1
d -0.17485581131555330558 0.48766740597503666077 0.0023580347265810867007 0.051954767164439336069 89.38080470379190956 1
d -0.44499998539686358434 -24.508514821501396597 25 89.380804703692675162 90.616763009189952527 1
d -0.71407147902692558183 0.48660529306660044169 0.0034316553178444964174 90.616763009190236744 179.95047751997302043 1
d 24.399975476151144704 0.2249999940395339959 25 179.93416203353689298 180.07219269839279718 1
d -0.59646494329455168604 0.19350445537324398315 0.0035397383578634282995 -179.92780730160708913 -90.570675829897780318 1
d -0.34750001132488095301 25.188724839968852365 25 -90.570675829939318646 -89.43566992251327008 1
d -0.10133097876055210951 0.19627613517768627283 0.0063389745677441501279 -89.435669922513326924 -0.06584694594025089498 1
d -25.094975498800909719 0.22499999403953704902 25 -0.065846945940229675842 0.072911056562089751609 1
d -0.098218535712963295214 0.25680933427492919074 0.0032227976122505296898 0.072911056561621612193 89.428605811876977327 1
d -0.34750001132488406164 -24.73872485188978132 25 89.428605811891415556 90.564321098009628486 1
d -0.59366508803063000599 0.25371993131059866755 0.0063429349302818478079 90.564321098009216371 179.93416203353677929 1
d 24.414980490202371044 -0.073749998584391213141 25 179.93660380742971938 180.06445776489607624 1
d -0.58185717285403848464 -0.10187145846619766187 0.0031465186175630949043 -179.93554223510381007 -90.325155400959161511 1
d -0.43999998271465146082 24.894579499765988828 24.999999999999996447 -90.325155400946684381 -89.675901034873120921 1
d -0.29860630906710561305 -0.1014100462057486024 0.0036105496558541750121 -89.675901034872978812 -0.063401329076212403768 1
d -25.294980455631677074 -0.073749998584388160028 25 -0.063401329076334805857 0.064868685380971041754 1
d -0.29796249451149908749 -0.045449059140096982612 0.0029660181105042003613 0.064868685381005472546 89.674433678526028757 1
d -0.43999998271465456945 -25.042079496934768201 24.999999999999996447 89.67443367856847658 90.324093828620817703 1
d -0.58139140273655309787 -0.046092194357865420851 0.0036128057624758638799 90.324093828620078739 179.93660380748792704 1
d 24.499986218741195643 -0.18874999880790863105 25 179.95016407927496971 180.05414453142438447 1
d -0.49737041007666998871 -0.21237251648569702156 0.0026322095376219976394 -179.94585546857558711 -90.099981194808790974 1
d -0.45374999940395199793 24.784957215136014241 25 -90.099981194880726321 -89.90430166851253091 1
d -0.41200126994902414035 -0.21050233201556520224 0.0045055874123170478254 -89.90430166851270144 -0.049861668031134620538 1
d -25.407486217549102747 -0.18874999880790557794 25 -0.04986166803113454421 0.054659477546417263583 1
d -0.4099045299749417004 -0.16490260234900794289 0.0024069373617325536853 0.054659477546390791702 89.899503858826435021 1
d -0.45374999940395510656 -25.16245721275182845 25 89.899503858997206862 90.095672584181372144 1
d -0.49548747771412199326 -0.16700890774768523128 0.0045168483337743314809 90.09567258418113056 179.95016407928676472 1
d 24.40748490360171985 -0.30250000953674471837 25 179.94778889652403109 180.05672284053363796 1
d -0.58972927469527536282 -0.32724726786718216776 0.0027735718050656593854 -179.94327715946658941 -90.429149538815551068 1
d -0.40249998867511593836 24.669277976592368873 25 -90.429149538867079627 -89.575355443490479956 1
d -0.2172507884130684408 -0.32528001115957078104 0.0047555269148826734629 -89.57535544349036627 -0.052217858176036920093 1
d -25.212484880951954835 -0.30250000953674160975 25 -0.052217858176102936729 0.057263216543397450764 1
d -0.21503316879167769238 -0.27751675633390249232 0.0025358033114601806653 0.057263216543367682909 89.570310085259620791 1
d -0.40249998867511904699 -25.274277995665855201 25 89.570310085123196586 90.424637801809396365 1
d -0.58774622026327993929 -0.27972295735364571811 0.0047584982754003309069 90.424637801809424786 179.94778889658735466 1
d 24.397405447129994371 -0.43375000357628024084 24.999999999999996447 179.8469182517813465 180.14968539966687899 1
d -0.59906006092658636852 -0.49905349493326889299 0.0034491891091899037208 -179.85031460033314943 -90.040823261359392404 1
d -0.58125001192092740077 24.497490971124449288 25.000000000000003553 -90.040823261377312292 -89.955774794777028092 1
d -0.56195464057870903041 -0.50054164207075735327 0.0019599399927708867179 -89.955774794776431236 -0.15308734351177585853 1
d -25.559905470971852282 -0.43375000357627713221 24.999999999999996447 -0.15308734351253819317 0.14979730554401393672 1
d -0.56339110651728918633 -0.36839756290572267527 0.0034002049501746802428 0.14979730554409229071 89.959064832699482395 1
d -0.58125001192093050939 -25.364990978277006661 25.000000000000003553 89.959064832745539775 90.044219609929115222 1
d -0.60054294015719411615 -0.36696081283407683271 0.0019623896299710954019 90.044219609928347836 179.84691825217271344 1
d 24.259984865454747194 -0.57750001549720919591 25 179.94467271637398653 180.05672284053363796 1
d -0.73722042284668432011 -0.60224726502654524207 0.0027824618049859055867 -179.94327715946542412 -90.612503918469826658 1
d -0.4700000062584861471 24.393541938373346056 24.999999999999996447 -90.61250391841282692 -89.388889233591768857 1
d -0.20339392323501523374 -0.60163886190945647936 0.0033973899985514231965 -89.388889233591640959 -0.055329688528898655908 1
d -25.199984877971722597 -0.57750001549720608729 25 -0.055329688529104685546 0.057107625025747468794 1
d -0.20260990721687213711 -0.55258472153809579108 0.0026126125069999262505 0.057107625025966821108 89.387111297103643892 1
d -0.47000000625848925573 -25.54854196936776134 24.999999999999996447 89.387111297095103168 90.611108361505145581 1
d -0.73660502882605427555 -0.55336221930379592138 0.0033984514681266284226 90.611108361504250297 179.94467271641690331 1
d 24.966564702490245509 0.29374999552965008753 25 179.51077424569317031 180.44605319564598744 1
d -2.740729418475255752 0.078041667994300789601 2.708133780322655948 0.44605319564600121041 -0.46897241746177353861 0
d 24.966476198975975365 -0.14874999970197830268 25 179.5310275825380586 180.46915856858890947 1
d -2.8904562813355498818 -0.37685773787616505537 2.8578663998672042545 0.46915856858892374115 -0.39467140767822334046 0
d 24.966749208714499986 -0.56874999403953707677 25 179.60532859232191072 180.43356274610391665 1
d -0.0279208109614754868 -0.75789070753693732474 0.0046143538053934184812 -179.56643725389636757 -90.05827097371336265 1
d -0.0024999994784578273219 24.237482011915254532 25 -90.05827097374994139 -89.937596345826406719 1
d 0.024725675151902343912 -0.75970212031087935856 0.0028010413611137176954 -89.937596345826420929 -0.54656154273036516855 1
d -24.971335941861649843 -0.5212499946355804159 25.000000000000003553 -0.54656154273193124915 0.4979391198549102393 1
d 2.9650559341132316504 -0.27845772049836203799 2.9374468972455640703 -179.50206088014510897 -180.43777606701442551 0
d -24.971575483023617181 -0.064999997615812682428 25 -0.4377760670143941435 0.44622349344293460449 1
d 2.8916299331088279878 0.15200496061904666956 2.8640504452150845616 -179.55377650655708521 -180.36600686641966718 0
d -24.971851991806506277 0.32999999821186221105 25.000000000000003553 -0.36600686641967450363 0.40280140875556463831 1
d 0.023249315299054058859 0.50572372472089988094 0.0042810029291576916569 0.40280140875580078275 89.940976799995141278 1
d -0.0024999994784608891088 -24.489982009531068741 25 89.940976799938582076 90.062366042858002402 1
d -0.02970924993836894859 0.50718837237941660767 0.0028148095515884885738 90.062366042858002402 179.51077424574668839 1
d 25.209542457977867969 0.33625000715255581873 25.000000000000003553 179.6607203133864914 180.31197743249632026 1
d -2.0159068697583650831 0.18800506145557149829 2.2258529280729404398 0.31197743249635984109 -0.46668030907662955142 0
d 25.209042943874610643 -0.03374999761581574248 25 179.53331969092326403 180.50134446824253587 1
d 25.209661991183374141 -0.38249999284744418127 25 179.7020606147365811 180.28304241600017122 1
d 0.21650747342033499487 -0.50596773242716686081 0.0065405149367927040496 -179.71695758399999931 -90.06531715719654585 1
d 0.24499999731779251166 24.487475511903500802 25.000000000000003553 -90.065317157137670279 -89.927062437776072557 1
d 0.27682093395052009832 -0.5093070616307453502 0.0031971724271621219417 -89.92706243777647046 -0.32217597663116637197 1
d -24.719586714158960916 -0.36874999105930172938 25.000000000000003553 -0.32217597663079777792 0.2968711149358071455 1
d 2.3384332656814348361 -0.22855089589752675128 2.0583831929353451073 -179.70312888506418858 -180.49454717433943074 0
d -24.718941976449841036 0.005000002682210545786 25 -0.49454717433944855864 0.47604481148511251787 1
d 3.8557788781864328342 0.24241994420825557777 3.5757071679603305014 -179.52395518851488987 -180.23826114200187476 0
d -24.719681215493846338 0.36125000566244280797 25 -0.23826114200188994174 0.27615477891168715985 1
d 0.27423794281007518592 0.48171688342765622837 0.0057905273947448160018 0.27615477891155620904 89.932976025429724132 1
d 0.24499999731778945855 -24.512475488061642892 25.000000000000003553 89.932976025417445953 90.072852221351695334 1
d 0.21321634177567128088 0.48426867257024447389 0.0032356327295061711874 90.07285222135162428 179.66072031335315273 1
d 25.42231473232033423 0.43875001370906674403 24.999999999999996447 179.79984465384202963 180.19853039228587477 1
d 0.43215759479685778022 0.35215854750198544165 0.009692842221093986993 -179.80146960771409681 -90.192800744284653547 1
d 0.51625001430511630041 25.342324219324108725 25 -90.19280074427722127 -89.805523344298094912 1
d 0.60107589864241706135 0.3514250093218888038 0.0089568293929948444854 -89.805523344298293864 -0.20020630371044970119 1
d -24.389814703710104737 0.43875001370906985265 24.999999999999996447 -0.2002063037106207033 0.19954954333849486692 1
d 0.60078846145783681987 0.52578755216615868928 0.0092452676594236109231 0.19954954333867361282 89.806180104688891674 1
d 0.51625001430511319178 -24.464824191905972128 25 89.806180104670218611 90.194425698149260029 1
d 0.43144643224429435335 0.52605271358939542647 0.0089792094610119284337 90.194425698149387927 179.79984465381446057 1
d 25.334969977074706549 0.028750001452861686374 25 179.9226185304573562 180.07992764696078325 1
d 0.3389057679339662621 -0.0061195458064964613001 0.0039114693355909767661 -179.92007235303918833 -90.452355161124231131 1
d 0.53625001013279116613 24.989189955835684032 25 -90.452355161148759066 -89.550183878838424789 1
d 0.73247781807782497143 -0.0050103449882460716902 0.0050294252960174272785 -89.550183878837913198 -0.077388606973727055993 1
d -24.262469956809127325 0.028750001452864746426 25 -0.077388606973656987043 0.080498641443315158139 1
d 0.733845336492408018 0.06386900608569191784 0.0036600361847647297497 0.080498641443422780384 89.547073844478461524 1
d 0.5362500101327880575 -24.931689952929957599 25 89.547073844368767936 90.449808983730576983 1
d 0.34002534042705606643 0.062507229987486437328 0.0050325677435733660176 90.449808983730306977 179.92261853045820885 1
d 25.422489889295551535 -0.3149999976158157633 24.999999999999996447 179.95431744320634948 180.04640960488296741 1
d 0.42475917649777583662 -0.33524817416446839324 0.0022610866861221073053 -179.95359039511760102 -90.232621522947070503 1
d 0.52625000476837313634 24.662284711902184853 25 -90.232621522883476928 -89.768101850208410042 1
d 0.62742394955108793386 -0.33493231888149976871 0.0025782239206736654903 -89.768101850208722681 -0.04568623179117908828 1
d -24.369989879758808371 -0.31499999761581265467 24.999999999999996447 -0.045686231791107985434 0.046703604675804921698 1
d 0.62786962597193707314 -0.2946234460339280381 0.0021321894824882551243 0.046703604675814899827 89.767084477359617267 1
d 0.52625000476837002772 -25.292284707133813271 25 89.767084477323706437 90.231894474794174243 1
d 0.42507766984806905075 -0.29506928098895413015 0.0025798350620235993048 90.231894474793847394 179.95431744327751744 1
d 25.424980480663300852 -0.57375001907348788244 25.000000000000003553 179.93981791307120943 180.06445776873806608 1
d 0.4281373163839722884 -0.60187148682034563585 0.0031410173892801114721 -179.9355422312612518 -90.224886550749090475 1
d 0.52625000476837313634 24.394794948864717554 25 -90.22488655069680874 -89.77937485189141853 1
d 0.62249635882421439081 -0.60001037094497811086 0.0050093751596680825139 -89.779374851890807463 -0.060196366149952440505 1
d -24.372480471126557688 -0.57375001907348477381 25.000000000000003553 -0.060196366149883433205 0.065028937582721532684 1
d 0.6246128648660925764 -0.54537907911786520643 0.0028905639359584783289 0.065028937581883050623 89.774542280414365791 1
d 0.52625000476837002772 -25.54229498701169021 25 89.774542280458547339 90.220610868887476386 1
d 0.43000990400623606558 -0.54749590301087824873 0.0050156350006385543722 90.220610868887504807 179.93981791300618056 1
d 25.494883723197041547 -0.70625001192093050939 25 179.83112055211236679 180.166014814868646 1
d 0.49881613605393232413 -0.77867644858455908885 0.0038274847977150007472 -179.8339851851316098 -90.054287756551374855 1
d 0.52250000834465182287 24.217484846381260866 25 -90.054287756535543963 -89.942840278374575291 1
d 0.54743807423323964656 -0.77993309025391011069 0.0025696239405432739523 -89.942840278375541629 -0.1688867799589640617 1
d -24.44988370650774101 -0.70625001192092740077 25 -0.16888677995857723224 0.16616145628731840422 1
d 0.54624791621402435382 -0.63375941468703289594 0.0037632635006779788754 0.16616145628816533786 89.94556560203842821 1
d 0.52250000834464871424 -25.629984870223118776 25 89.945565602045817855 90.057152389554502747 1
d 0.49756514454860539809 -0.63257014193068406005 0.0025728354759661539557 90.057152389554175898 179.83112055219368131 1

Metadata: 
LoopIdx: 0 16 32 40 48 56 64 72 80 88 104 119 127 135 143 151 