372
-0.85920785900867580054 0.76784010758598708613 0.051300065819321824523
-0.85933477025087956491 0.68332159877647269397 0.051673773693012708952
-0.85946167993821065423 0.59880412545912897748 0.051905894532491649029
-0.85958858879743360593 0.51428720363131130711 0.051996431660910606698
-0.85971549755529974579 0.42977034930314100825 0.051945386374424563913
-0.85975794451246023709 0.34525321756731552902 0.051836375857463014294
-0.85939836879348852072 0.26073681346022786753 0.051983786148829862206
-0.85903879418883188901 0.17622067126618951027 0.051989613767420013446
-0.85867921863937646254 0.091704307001346199724 0.051853858796660580455
-0.85822403156398741064 -0.039976698985891241656 0.051464203710088737842
-0.85873033739273840759 -0.17131236592712822953 0.051683927487800256084
-0.85912214984104406934 -0.25548415784508238247 0.05171162548163531214
-0.85951396296313120615 -0.33965609451068984326 0.051598892719582123423
-0.85950145121927190583 -0.42382896705828204675 0.051746012208391978238
-0.85939928494909723078 -0.50800149611406197891 0.051841458929285350044
-0.85929711878319137153 -0.5921739392698478488 0.051796475310384948454
-0.85919495214125019 -0.67634677461778491825 0.051611060712925989347
-0.85909278444297076938 -0.76052048025903995487 0.051285212504045357695
-0.86975277436262943276 -0.84477788625434135916 0.040164076471851974104
-0.78742420327638085187 -0.84904398234509481647 0.036548181812014059189
-0.70506318954470870164 -0.84925846880079480794 0.036809101185166157033
-0.62270236378046139869 -0.84933574018679047768 0.037071452027807878793
-0.54034218788852961257 -0.84941301096307098017 0.037199393020641437213
-0.45798221426140389712 -0.8494902815495881665 0.03719292590198523818
-0.37562199529598244707 -0.84956755236628733741 0.037052050583962908847
-0.29326108338383038987 -0.84964482383310491187 0.036776765152525238423
-0.21090137106523457189 -0.84924555124059331046 0.036838851233917453698
-0.12854167184304757243 -0.84884168327492903749 0.036771077807665808468
-0.0025032094187911820178 -0.84832184181849046301 0.036504360211127913349
0.12154541315552151726 -0.84873105951948457637 0.036846140446802504165
0.20191487519674042317 -0.84905981804032515381 0.036967801502766566013
0.28228414984327226955 -0.84938857579461191083 0.036961471987513844217
0.3626536765009431007 -0.8497026430577451217 0.036841696349458635806
0.4430237959163276229 -0.84959305660909500979 0.037013348067876351843
0.52339356548136040104 -0.84948347063747176033 0.037057008998760875007
0.60376340112624415912 -0.84937388457574702905 0.036972679707001881999
0.68413371878252760006 -0.84926429785678880791 0.036760359101539408222
0.76450493439181521627 -0.84915470991345154417 0.036420044435350143464
0.84482329426121416383 -0.84231902859076390744 0.042610777924406491313
0.84289055532499435053 -0.76089521012005967293 0.045115702440451557753
0.84303416548153342625 -0.67948958439692830336 0.045433633643370587019
0.84317777417298789278 -0.59808478915871687853 0.045620231891138007807
0.84332138216210150716 -0.51668039204458426905 0.045675499661403773377
0.8434649902115993747 -0.43527596070214713553 0.045599437688002238123
0.84330137466894050657 -0.35387156173227651834 0.045696197533223528731
0.84299888090158447973 -0.27246771699520488941 0.045799118028916001311
0.84269638758998366423 -0.19106399490720679668 0.04577070905746397772
0.84239389312755330597 -0.10965996311993327084 0.045610970241651234425
0.84202700007925534997 0.014995452184010205771 0.045207187318912336882
0.84261363412985490484 0.1465270016102990791 0.045411253137308885131
0.84307201958114907914 0.23480816672068327566 0.04541992672101682893
0.84328537706915218664 0.32309022362073686052 0.04551672123274509707
0.84321137215629071715 0.41137246163824109368 0.045743546080067497284
0.84313736769114422387 0.499654165563366226 0.045815912363633859439
0.84306336321144870194 0.5879358868485297096 0.045733821213543170148
0.8429893582549271569 0.67621817694658259423 0.045497271347829736088
0.84291535235930270531 0.76450158732458861621 0.045106259072439883195
0.84529354331866035643 0.85280619671092561251 0.042133025036776669547
0.7628382705088552207 0.84541674018401069546 0.050055571406327915851
0.68044642389725484843 0.84553117627286467073 0.050414455654773551729
0.59805554902823465646 0.84564561101203983284 0.050638791924623248464
0.51566519754576001233 0.84576004502427459819 0.050728583267838682491
0.43327492110525583913 0.84587447893228007167 0.050683830905960285118
0.35088427136375810456 0.84598891335877290931 0.050504534230169657871
0.26849410700581732847 0.84570528610391559887 0.050584775119944087873
0.18610413784180315777 0.8453908506900309483 0.05056097252288589694
0.10371386518973482738 0.84507641411789802266 0.050402625449725783902
-0.022494341173367224385 0.84469330227377170672 0.049996728923451305704
-0.1464187320544537152 0.84523671852532811233 0.050201387740661504444
-0.22652616994049393218 0.84565170125912503263 0.050234774890145848791
-0.30663488801833527209 0.84569670003746000297 0.05050725535295456925
-0.38674307593200646371 0.84564958806749224163 0.050743730994062853645
-0.46685070371725367888 0.84560247642693642245 0.050853013597656121503
-0.54695818347761837597 0.84555536487343174734 0.05083510456920820042
-0.6270659273135962275 0.84550825316463096293 0.050690003678395115227
-0.70717434733111683709 0.84546114105815561857 0.050417709059078871792
-0.78728378355215311579 0.84540281087582380692 0.05002932270012149657
-0.86745160011263855449 0.85243133868871201475 0.042497517679520993572
-0.70795694072315473733 0.84546068081161418473 0.050414421615535255639
-0.63042818199226025033 0.84550627580818504825 0.050681132305156285922
-0.55290007279559527653 0.84555187042276136467 0.05082870915209133228
-0.47537223957085117387 0.84559746487503517631 0.050857153934047591437
-0.39784430876107168551 0.84564305938470507584 0.050766466993660420981
-0.32031590680738636356 0.84568865417145044905 0.05055664723853033754
-0.15835917570310903413 0.84529857392950291661 0.050214430718667282805
-0.074516128208020990242 0.84486423951590150505 0.050063101458574975344
0.0093279151775320229278 0.84472358231167254949 0.050063182593630108086
0.093171814116518314464 0.84503618113533929268 0.050372655538057885261
0.17701488126258893563 0.84535616219355880219 0.050550106453182253041
0.26085758290317906383 0.84567614185685191508 0.050588226258048013539
0.41680377694399772803 0.84589735611484284661 0.050658746872551910223
0.48837644307166966362 0.84579794705536204269 0.050728662138018937311
0.55994905376706161082 0.84569853807287320713 0.050697044876894560572
0.63152190294585686114 0.84559912875914333696 0.050563894764582832664
0.70309528452770098106 0.84549971870595241885 0.050329210434116325446
0.83110031095035541426 0.8285801589665492406 0.056369097631817383087
0.84297731060972835859 0.69059010226742167937 0.045444143005830793525
0.84304568997022844012 0.60901872077945573558 0.045691369102300309624
0.84311406882939265994 0.52744793734473671698 0.045806726746241130388
0.84318244755187965467 0.44587731695219512407 0.045790217475630556887
0.8432508265023569427 0.36430642459432782676 0.045641841070360199273
0.84286895707810882694 0.19570004427047127393 0.045435140714135680007
0.84241991008531047491 0.10921738736806826942 0.045361154801704418882
0.84203579625394975317 0.022734100067247471622 0.045203225281260764334
0.84222329334680856583 -0.063749998807904051379 0.045462962183679379857
0.84254466188263787974 -0.15023321670152034457 0.045707003008641847175
0.84286602821001710417 -0.2367158402813607232 0.045802814392711367619
0.84318739425540722987 -0.32319838797511035722 0.045750397771755185738
0.84337446573418428653 -0.48658989214633219245 0.045662684316691681818
0.84323967815296885231 -0.56299442823934431335 0.045660159879033546115
0.8431048902426688807 -0.63939915087256704584 0.045541942543033904489
0.84297010137263927998 -0.71580441752908241515 0.045308030925902673114
0.82426671420674724189 -0.83927606996816350726 0.045782926999381849675
0.70771717020546065502 -0.84923214129527835325 0.036673768237264488257
0.63820584501894483953 -0.84932692153604005814 0.036897362479584416839
0.56869501372443143072 -0.84942170110337278377 0.037025215158678952132
0.4991844072298442514 -0.84951648036417970467 0.037057327511899655625
0.42967375644662142431 -0.84961125968538120379 0.036993699850030661858
0.27825554902243887501 -0.84937209644022482191 0.03696483629428087142
0.19675406828478536614 -0.84903870729497998848 0.036963834703320104513
0.11525236736928623493 -0.84870531724907560811 0.036831210936560179747
0.033750012516975402832 -0.84837476291308444587 0.036569773230474347803
-0.047752766136208588121 -0.84844551802294765341 0.036574009360485035258
-0.12925467464155612762 -0.84884517963288930176 0.036772241298185640024
-0.21075614676347670384 -0.849244839102935134 0.036838850021736285756
-0.37417294043368648504 -0.8495689118776394988 0.037048368811981577386
-0.45565390451950477102 -0.84949246598277428077 0.037190789520061565132
-0.53713461609246238027 -0.84941602032481811069 0.03720165652776709353
-0.61861550857254998803 -0.84933957449713293197 0.037080969979600843234
-0.70009701538357393957 -0.84926312809308568408 0.036828728270646773901
-0.83333530866905303203 -0.83835016365012315909 0.046812605858117674329
-0.8591484538749063482 -0.71465566725556339822 0.051480174086297784963
-0.85923570451717812269 -0.64277179394252048628 0.051701855013273602391
-0.85932295455786267269 -0.57088841626149899877 0.051821116619123058777
-0.8594102043584012085 -0.499005236437562949 0.051837960138928947107
-0.85949745428021229188 -0.42712195669905494988 0.051752385747136309124
-0.85921423297925558771 -0.27526607846180362049 0.051697754891531701171
-0.85884481307494831004 -0.19590480382435418449 0.051706540973617751145
-0.85847539236927172812 -0.11654335703236849697 0.051590489104997042102
-0.8582238409623984543 -0.037181243725195212146 0.051466291103372828475
-0.85846852164905285143 0.04218107437223572731 0.051708525059604035223
-0.85880616586945701663 0.12154259371459667782 0.051917955800246842757
-0.85914380808219992236 0.20090364116732042921 0.052002548366117194723
-0.85948144999212405803 0.2802646174442663396 0.051962303825045061401
-0.85971660815352202167 0.42903072920333701346 0.051944314743963083958
-0.85961329523065599378 0.4978335714896879316 0.051997592792066407719
-0.85950998233437769791 0.56663639606673765758 0.051957042277880546854
-0.85940666907261598073 0.63543946404444717757 0.051822662816669300134
-0.8593033550532821474 0.70424303653647246648 0.051594453133495275787
-0.84534834740659670071 0.8328975948000908458 0.062006261058204691083
-0.69270109145269542772 0.46455457066251265585 0.024563262214268164613
-0.71497279839284999525 0.4425022740941069177 0.0025042535327268679486
-0.63778759000544948954 0.4650000035762790751 0.025483645897828522547
-0.56084903097867344623 0.46500000357627890857 0.025954306956275440682
-0.48391267097328538593 0.46500000357627901959 0.026190310292888565463
-0.40697704958593083902 0.46500000357627901959 0.026191667107029914519
-0.33004070646933619804 0.4650000035762800743 0.025958377463086622361
-0.25310218122143468555 0.46500000357627779835 0.0254904302904749476
-0.17592742084461704399 0.44339365371399608318 0.0033962776447339468495
-0.19721388631833894345 0.46552959220149053854 0.024479117495546057204
-0.17485581131554833734 0.48766740597504160126 0.0023344543793083591572
-0.25206705947729574069 0.46500000357627835346 0.025482534896339642527
-0.32902966692057700193 0.46500000357627918612 0.025953749726515158713
-0.40599007166434442073 0.46500000357627979675 0.026190160123822706084
-0.4829497354816869592 0.46500000357627779835 0.026191777313955992568
-0.55991012008937457445 0.46500000357627929715 0.025958601373709446619
-0.63687268725896084565 0.4650000035762785755 0.025490621230972333039
-0.71407147902692225117 0.48660529306659711102 0.0033973387646707153831
-0.56609079285157037909 0.22361548840937384153 0.03359435568197972205
-0.59646494329455179706 0.19350445537324392764 0.0035043409742846888359
-0.51372527320220473523 0.22499999403953543919 0.035364523031339217818
-0.4313029385534319915 0.22499999403953593879 0.035773146834745216116
-0.34888243093479864854 0.22499999403953641064 0.035912364635527868617
-0.26646195345466272553 0.22499999403953699351 0.03578218402157827549
-0.18403970922398846244 0.22499999403953510613 0.035382597897568660028
-0.10133097876055498221 0.19627613517768910389 0.0062755848220707090984
-0.12875331723072305778 0.22653906163773324112 0.033439993281225065258
-0.098218535712962087847 0.25680933427493041199 0.0031905696361263346378
-0.18101326238254153433 0.22499999403953524491 0.035362797968744551225
-0.26348711889127729435 0.22499999403953446775 0.035772448162345434064
-0.34595914150195933301 0.22499999403953588328 0.035912355450923610922
-0.428431130477724742 0.22499999403953555022 0.035782527469484952387
-0.51090488607879047667 0.22499999403953699351 0.035382957133071331335
-0.5936650880306355571 0.25371993131060416315 0.0062795055809713139217
-0.55383983262283420501 -0.073981308891086047796 0.030867879342335736992
-0.58185717285403859567 -0.10187145846619775902 0.0031150534313873364488
-0.51096330560068781157 -0.073749998584389520051 0.031253961656263061497
-0.4402301692822098711 -0.073749998584390893952 0.031353795582669999331
-0.36949703665841160394 -0.073749998584391462941 0.031255252817047232683
-0.29860630906710561305 -0.10141004620574861628 0.003574444159295626141
-0.32607131052184867848 -0.073430269220660746021 0.030779944314658143345
-0.29796249451149425802 -0.045449059140092153142 0.0029363579293923839156
-0.3689017960804865659 -0.073749998584389353518 0.03125358182946146729
-0.43967914158118587276 -0.073749998584387951861 0.03135379459234281796
-0.51045648192568726653 -0.073749998584389936385 0.031255382613964419192
-0.58139140273655309787 -0.04609219435786542779 0.0035766777048511135678
-0.47466877840994731175 -0.18968903887943186493 0.025091535343084458293
-0.49737041007667365244 -0.21237251648570065754 0.0026058874422406940255
-0.4546833925559356504 -0.18874999880790777063 0.02602984092714786396
-0.41200126994902208644 -0.21050233201556725615 0.0044605315381910102049
-0.43272451217154750402 -0.1877043358424978492 0.024985890004803168463
-0.40990452997494164489 -0.16490260234900791514 0.0023828679881151603251
-0.45269876930565522422 -0.18874999880790699347 0.026029836291804376441
-0.49548747771412254837 -0.16700890774768464841 0.0044716798504357609806
-0.56581030133539023108 -0.30348326644016471176 0.026437727949268040317
-0.58972927469527525179 -0.32724726786718205673 0.0027458360870151509239
-0.51511769781569738402 -0.30250000953674216486 0.027688392788799698341
-0.44069348380072437266 -0.30250000953674238691 0.027910877993870875091
-0.36626994827663039711 -0.30250000953674305304 0.027913774579960463906
-0.29184576914172938311 -0.30250000953674227588 0.027697082675709493171
-0.21725078841306372235 -0.32528001115957544398 0.0047079716457272572858
-0.23907261868859860932 -0.30140045372591650619 0.02632183639513387477
-0.21503316879167047593 -0.27751675633389533138 0.0025104452783355191668
-0.2896932730165097114 -0.30250000953674249793 0.027687548231615049382
-0.36416400522255421013 -0.30250000953674299753 0.02791066183987764987
-0.43863405555494344723 -0.30250000953674205384 0.027913912246979154935
-0.51310474859582066998 -0.30250000953674260895 0.027697299597455211917
-0.58774622026327982827 -0.27972295735364582914 0.0047109132926464198504
-0.58125001192092873303 -0.41101061172183889214 0.021120848610213144997
-0.5812500119209290661 -0.45500872291272154158 0.021122139618473031314
-0.59906006092658914408 -0.49905349493327166854 0.003414697218094082682
-0.58050843317858213943 -0.48195256368187422424 0.020350889643989785588
-0.56195464057870592178 -0.50054164207076046189 0.0019403405928388526951
-0.58125001192092817792 -0.45647475948011412283 0.021120861796603232485
-0.58125001192092873303 -0.41245957301677654838 0.021122112879799846002
-0.56339110651728596668 -0.36839756290571940012 0.0033662029006683706102
-0.58196597622724621779 -0.38557310662050531258 0.020376296902128828575
-0.60054294015718312494 -0.36696081283408782392 0.0019427657336867124559
-0.71253904112842714191 -0.57780414416546843626 0.027201330649255488908
-0.73722042284668420908 -0.60224726502654524207 0.0027546371869361283534
-0.66076594475175876031 -0.57750001549720697547 0.027947086054155516333
-0.58457958149053501629 -0.57750001549720886285 0.028408221704706273364
-0.50839535125977564078 -0.57750001549720753058 0.028639242625859710062
-0.43221183578913280332 -0.57750001549720741956 0.0286401595693782339
-0.35602761686146605635 -0.57750001549720741956 0.028410972577935005023
-0.27984127620726922947 -0.57750001549720730853 0.027951670985126662178
-0.20339392323501531701 -0.60163886190945636834 0.0033634160985660278842
-0.22737682719948942855 -0.57711255492287838464 0.027118026759738407538
-0.20260990721687169303 -0.55258472153809534699 0.0025864863819293187203
-0.2790901672589450877 -0.57750001549720730853 0.027945997342749405445
-0.355300343723462142 -0.57750001549720619831 0.02840767591444899251
-0.43150838358709947551 -0.57750001549720730853 0.02863909588659967545
-0.50771570645040775549 -0.57750001549720719751 0.028640268036267971241
-0.5839237318605303706 -0.57750001549720619831 0.02841119241803453585
-0.66013387941694123828 -0.57750001549720686445 0.027951858364016039099
-0.73660502882606160302 -0.55336221930378870493 0.0033644669534352144441
-0.0025513497217988304056 0.43902155268133163935 0.030156739269303005357
-0.0026006616109162626616 0.37108893242026108616 0.030407713613119773111
-0.0026499728637246131036 0.30315718874223818169 0.030475717032654191241
-0.0026992842102140403304 0.2352253160094479878 0.030360752044658628757
-0.002747608023240588615 0.16729231358200294388 0.030063792880476041675
-0.0022888813490241147197 0.077493958132684601092 0.0300037434609693697
-0.0023913904467880893467 -0.012513503306372646476 0.030453135416028318666
-0.0025056643944360301735 -0.080652227622040523203 0.030616022701027988812
-0.0026199376870816477869 -0.14879056137532742365 0.030594824670956848739
-0.0027342120267130100297 -0.21692951942076210692 0.030389540536505506296
-0.0027676413703283560264 -0.28506967526150400749 0.030080203114221146232
-0.0021774274548220125258 -0.3749802896254098572 0.030108933563856160598
-0.0022210225351396717386 -0.46894267230132674618 0.030521989008663250043
-0.0022896859695599389162 -0.54113047183506735038 0.030636371345976652625
-0.0023583493424540191707 -0.61331820668274394937 0.030544139649345294213
-0.0024270138016580268536 -0.68550708360156353827 0.030245290064190966106
-0.027920810961475490269 -0.75789070753693732474 0.0045682102673394809136
-0.0015994474841701323067 -0.73315360126356521331 0.029070726876405158373
0.024725675151902392485 -0.75970212031087946958 0.0027730309475025118927
-0.0024251754774889180966 -0.68357440170558181336 0.030255982782975646833
-0.0023530139304640609876 -0.60770893801818925972 0.030558709985255769204
-0.0022808534847165162773 -0.5318446321335209559 0.030633237274948457024
-0.0022086928079371702383 -0.45598008336129203233 0.030479568092078815345
-0.0021632673714849781632 -0.38011404212060423413 0.030124165202059838969
-0.0027846592572063066928 -0.28001590129601128254 0.030090164112591178541
-0.0026701509405171984513 -0.17873148057228926966 0.030527293590549769292
-0.0025409352175725929968 -0.10168334576828753912 0.030629120416433588264
-0.0024117193288169039289 -0.024635112095945467525 0.030495573507408522962
-0.0022825008134739546706 0.052414687746001262236 0.03012664650533688343
-0.0027205962592358537422 0.14997885087076948119 0.029997785380698856889
-0.0026976298401842069286 0.23750439501300907308 0.030367575324965489364
-0.0026489885726204594196 0.30451315938346207313 0.030476149274966855829
-0.0026003473820300840313 0.3715218177140492406 0.030406693588552729385
-0.0025517055677813753334 0.43853133520193743333 0.030159205764611660139
0.023249315299059283846 0.50572372472090509898 0.0042381928998587769034
-0.003228433828359798894 0.48050953278105856814 0.029213362592369743198
-0.029709249938370312083 0.50718837237941793994 0.0027866614560706900669
0.24496286123245702981 0.41313871801489482349 0.034948978316776534159
0.24492734059736642749 0.34219800440961462007 0.035030332302737110517
0.24489181990929290156 0.27125718498959899838 0.034912113501396738191
0.24517672037895277271 0.18495251246271013357 0.034880395366237500199
0.2451387010288641477 0.099289849319526959914 0.035383843252342742081
0.24508414297272174132 0.028993751683834220051 0.035602726488388733439
0.24502958545036113147 -0.041301658193812373909 0.035625644386274399333
0.24497502759658798532 -0.11159749508384894656 0.035452597854602085903
0.24492046854619012319 -0.18189487378379876059 0.035083580032715257213
0.24505406719824376904 -0.31596885782728562075 0.034950388600416083806
0.24503663896179367354 -0.37925457702628123657 0.035020692457194607661
0.24501921071249802009 -0.44254034287495536137 0.034932170444179781732
0.21650747342032811149 -0.50596773242717385521 0.0064751097874151189449
0.24666028340351559001 -0.47901492512895116338 0.033174412684933027307
0.27682093395053536389 -0.50930706163076067128 0.0031652007028691261405
0.24501944350927934435 -0.44169500710241393904 0.034934399452758009563
0.24503801363381555456 -0.37426284376539392662 0.035020916879877815597
0.24505658376382594144 -0.30683066055193436439 0.034927114390482384698
0.24491411979462418547 -0.22493946911302414859 0.034787677217435968025
0.24495298747867724765 -0.13999539614746658867 0.035327118600854350017
0.24500769039921743708 -0.069512645933891281658 0.035579739042797993431
0.24506239263751675161 0.00096922524036996209832 0.035635352445763483764
0.24511709506567672112 0.071451341040847105024 0.035493961026312137452
0.24517179855580462089 0.14193482514867031274 0.035155559149038555222
0.24491377923021989682 0.23492719349538915274 0.034814047880430964987
0.2449129566084728149 0.31347074674510694292 0.035006504974672371377
0.24494101365702836137 0.36950541620806670595 0.035022641822700963099
0.24496907081030327991 0.42554029480597915791 0.034914262635361445475
0.27423794281007268792 0.48171688342765373037 0.0057326221208008690255
0.24373019591547101514 0.45361259697159062032 0.033572763848304133794
0.21321634177567130863 0.48426867257024441837 0.0032032764022111451588
0.48947439993087255017 0.46801894274492800152 0.06647106318077466991
0.49018225615651228599 0.4101890116888782245 0.067172653166800960767
0.43215759479685411648 0.35215854750198177792 0.0095959137988779179967
0.48852564070853737865 0.4085322305690439193 0.065530671635504300632
0.5447045398506261682 0.40780200560037160873 0.064806935052320713275
0.60107589864241706135 0.35142500932188874829 0.0088672610990648478846
0.54289243799428887893 0.40961428867817223365 0.066603076322506199469
0.54260634075378477714 0.46759961288795298673 0.066886641791181922212
0.60078846145783404431 0.52578755216615591372 0.009152814982833238841
0.54427779512010709961 0.46927123441011475702 0.065229932821733796477
0.48795829913172628078 0.46953519516358976915 0.064968316746195908795
0.4314464322442920774 0.52605271358939764692 0.0088894173663986580936
0.37344445830893774341 0.028195366598864041174 0.038089730321628989529
0.33890576793395998934 -0.0061195458065026984984 0.0038723546422263065842
0.41778899206049441295 0.028750001452863736817 0.03888615270159703069
0.49639456266792381101 0.028750001452862661289 0.039132943890872934345
0.57499934275257080785 0.028750001452863847839 0.039134668146303105973
0.65360489142037203614 0.028750001452863264972 0.038891325553389602399
0.73247781807782907926 -0.0050103449882500962487 0.0049791310430516008342
0.69917919152336660549 0.029427464871197003826 0.037967334049529330442
0.73384533649241501241 0.063869006085698828978 0.0036234358229073749917
0.65491065386037494722 0.028750001452862439244 0.038885213982510928588
0.57625595118731165467 0.028750001452863362117 0.039132705545204149455
0.49760204301424976192 0.028750001452861863316 0.039134823731554350956
0.41894736731006410047 0.028750001452863716001 0.038891568646727055214
0.34002534042705279127 0.06250722998748968473 0.0049822420661330673458
0.4449142761173315308 -0.3151584726272256276 0.022200142455848812656
0.42475917649777578111 -0.33524817416446844875 0.002238475819260846416
0.47546706733028865077 -0.31499999761581465307 0.022437028838606629805
0.52609233263422561233 -0.31499999761581348734 0.022488137084495533891
0.57671759664268729129 -0.31499999761581459756 0.022437661604571085272
0.62742394955109148658 -0.33493231888150326592 0.0025524416814620663752
0.6076492222189980863 -0.31477823980954205974 0.022137288067401655195
0.62786962597193396451 -0.29462344603393109121 0.0021108675876677167847
0.57712946691061217663 -0.31499999761581415347 0.022436834366235364202
0.52647256045983115147 -0.31499999761581359836 0.022488136595575095034
0.4758156558399118663 -0.31499999761581232161 0.022437728079535129017
0.42507766984806905075 -0.29506928098895418566 0.0025540367114034031801
0.4554033487039684247 -0.57468169299157623175 0.030118622152601418757
0.4281373163839722884 -0.60187148682034563585 0.0031096072153873029545
0.49296369983162413586 -0.5737500190734862171 0.031118516147479378248
0.55767925842141063963 -0.57375001907348610608 0.031120898709422653572
0.62249635882421439081 -0.60001037094497811086 0.0049592814080714215513
0.59721835284810897981 -0.57269699340283042321 0.029998142282950342186
0.62461286486609424173 -0.54537907911786354109 0.0028616582965965147063
0.55970432145727444517 -0.57375001907348577301 0.031118293846445932438
0.49490786830220223624 -0.57375001907348632812 0.031121007121385685368
0.43000990400623601007 -0.54749590301087813771 0.004965478650632090471
0.52250000834465037958 -0.68129843286431490679 0.027327781557306682347
0.52250000834465082367 -0.72995303858041216127 0.027328985693811105873
0.49881613605393237965 -0.77867644858455908885 0.0037892099497378803341
0.52312589870051251495 -0.75557345957264110403 0.0266722693408417387
0.54743807423323964656 -0.77993309025391011069 0.0025439277011378405753
0.52250000834465037958 -0.73118241684573370698 0.027327800516585152441
0.52250000834464993549 -0.68250544131312651519 0.027328946621691576485
0.5462479162140322364 -0.63375941468702501336 0.0037256308656602112224
0.52190767438990404159 -0.65696018616936713297 0.026705555832262837385
0.49756514454860539809 -0.63257014193068406005 0.0025471071212064470661

Metadata: 
LoopIdx: 0 78 150 168 184 196 204 218 228 246 283 314 326 340 352 362 