22
d 9.4663162030042524719 -1.9234100415903878645 10 168.96288151362983854 171.5034335422087679 1
d -0.41260811723244222859 -0.44760013767967460341 0.011448523562337926604 171.50343354220885317 301.26299820230110527 1
d -5.5963386224765399035 8.0905553215777157305 10 -58.737001797695832295 -55.992872685935545007 1
d -0.012089731413425029716 -0.1862130405117906895 0.015575620145874930281 -55.992872685935552113 60.687952066280907104 1
d -4.9001226028602937745 -8.8922951010416770856 10 60.687952066281461327 62.791393735607883286 1
d -0.33445264046113970524 -0.01174350394895711143 0.014533617593019795139 62.791393735607798021 168.96288151362344365 1
d 4.727470479970517836 8.8216123552765992599 10 -119.29269486580470527 -117.51853323833650222 1
d 0.11594784110353714701 -0.030048362729150290829 0.019116345960707225443 -117.51853323833650222 -33.054734191218749118 1
d -8.2495287566664270429 5.4139244336422471804 10 -33.054734191218031469 -30.966589126822647415 1
d 0.30922246080104226484 0.27809823141385586753 0.018570584230103062695 -30.966589126822633204 60.944572290889674093 1
d -4.5383136017174772192 -8.4471712374666942935 10.000000000000001776 60.944572290890071997 63.682976886904313574 1
d -0.11309206260661232302 0.49989080133760771529 0.01839167286034677426 63.682976886904313574 171.43292041899775313 1
d 9.7571428394203785217 -0.9870415358021580321 10 171.43292041899610467 173.58829749797507702 1
d -0.15062980294357838917 0.12634237165893083543 0.029865474419666058342 173.58829749797507702 240.70730513419485419 1
d 10.222383323869765448 -0.29874998703599037198 10 178.79468782103461422 181.17967968855501226 1
d 0.24828252757888941149 -0.50413871109216923383 0.023784724529059792647 -178.82032031144495932 -90.986263042919460986 1
d 0.42000000178813995388 9.4705985953029685476 10 -90.986263042918423594 -88.987841516470396641 1
d 0.59630842074618739534 -0.50874517997378521095 0.0190988962042920353 -88.987841516470439274 -1.2055751291661942481 1
d -9.3823833202934867614 -0.29874998703598915073 10 -1.2055751291662506475 1.1849386925720262198 1
d 0.59264948421198726525 -0.092426103209246227022 0.022833618907736420722 1.1849386925720277741 89.008477953062225652 1
d 0.42000000178813873264 -10.06809856937494807 10 89.008477953064613075 91.011895533328754482 1
d 0.24373822235859077256 -0.088801591336767002338 0.019146509903592453389 91.01189553332872606 178.79468782104692082 1

Metadata: 
LoopIdx: 0 6 14 