60
-0.29439219162315866107 -0.094328592073747441482 0.068698475564438241103
-0.25476735870479960688 -0.17601565283853648491 0.12188407751389235267
-0.27856900215556695821 -0.24598321068871378814 0.110679537326423022
-0.32294926553513786383 -0.31273844341691181548 0.078322740965904275035
-0.36762633152663187763 -0.37994011620482415204 0.045211339055350317773
-0.41260811723244261717 -0.44760013767967526954 0.011334038326713766556
-0.36403518734414358482 -0.374538443312253444 0.047892665366849301867
-0.31581702402587985556 -0.30201037635358174427 0.083558796304252017095
-0.26794367625908527275 -0.23000096883119741653 0.11834661031107961138
-0.19739122462466301977 -0.19380951959639963755 0.11054010257425039843
-0.10518842674291450923 -0.19002964381929107751 0.06352331542318755131
-0.012089731413424677567 -0.1862130405117906895 0.015419863944415830928
-0.097757989805399653216 -0.18972503127782058829 0.059707178893317051915
-0.18266656558774019281 -0.19320587867336311283 0.10307360844465821015
-0.25527689415771814829 -0.17496523948814829419 0.12120357178414514765
-0.29464972955522078513 -0.093797674587007745517 0.068351054029046329208
-0.33445264046113970524 -0.011743503948957123573 0.014388281417089610406
-0.05215852327555814405 0.17683638225873110628 0.12067371276555784176
0.039318712273074554742 0.21687086372736483209 0.19899292315483932403
0.069860014448981849755 0.14546116310429596519 0.15119222898076403738
0.092748656834552217765 0.058297695792792619818 0.085692524277786397136
0.11594784110353714701 -0.030048362729150304706 0.018925182501100139276
0.088675537580342647659 0.073808759795167711015 0.097375821442733240252
0.061831463979792361529 0.17603511697153101379 0.17407789635686912733
0.11638211921313312835 0.22646652673712683312 0.15474933872284568626
0.21213237741374732503 0.25210301448355132425 0.087301506108839216358
0.30922246080104220933 0.27809823141385586753 0.018384878387802082444
0.20318730112606392391 0.24970803046001338599 0.093624483516372730696
0.098748087490059810456 0.22174513332593132064 0.16711407878106820935
0.021214708944150256764 0.24252575820365654402 0.18486955004356944721
-0.023048942400502758776 0.32734587863427205834 0.13056254282297308222
-0.067813094297617171335 0.41312508210132092845 0.075018057685316927308
-0.11309206260661229526 0.49989080133760760427 0.018207756131743382116
-0.07031196671084202765 0.41791354063539365438 0.071899131807537541849
-0.027991855674065493909 0.33681772486487560059 0.12445985109951424041
0.013880364668462652489 0.25658017861058352027 0.17591386175953199755
-0.031236487501602211436 0.18756476417578621385 0.13998219169201472911
-0.15062980294357872224 0.1263423716589306689 0.029566819675469025591
0.31373861611561171259 -0.15903868918620284179 0.089466676915808104886
0.38275033407362851756 -0.228283768061040504 0.15851354571853573661
0.42000000178813978735 -0.29655733425398772551 0.19564026835900324985
0.38716723574957756515 -0.3647843687232549259 0.16291661212684901971
0.31821832467338062589 -0.43396642833681331464 0.093962903509877876429
0.24828252757888805147 -0.50413871109217067712 0.02354687728376731598
0.31860011565200080375 -0.43358334634421080711 0.094346011461430873135
0.38792008820947815328 -0.36402897051684124374 0.16366691189638687964
0.45654146044151588946 -0.36850560216351635479 0.1592196676171908909
0.525925218961333929 -0.43812397964341842638 0.089804153084938984075
0.59630842074618628512 -0.50874517997378410072 0.01890790724225058575
0.52614644871209848009 -0.4383459574755083632 0.089582064010219258909
0.45697769014026112799 -0.36894330695903587714 0.15878472945448549036
0.42000000178813934326 -0.30051526770591208138 0.19564035377676322613
0.45342157573416125294 -0.23212480640615965055 0.16232976119267772397
0.52253964716706124971 -0.16277301442556252331 0.093202278382996051054
0.59264948421198859752 -0.092426103209244853121 0.022605282718657148527
0.52214401574595747935 -0.16316998366166168832 0.093599303603639577576
0.45264145940689437531 -0.23290756067183507327 0.16310727724980639275
0.38384831900776000824 -0.22938546579610744058 0.15960827341242531108
0.31429544944240256354 -0.1595974054270770659 0.090025670275537289511
0.24373822235859077256 -0.088801591336767016216 0.0189550448045565402

Metadata: 
LoopIdx: 0 17 38 