48
d 9.2101343838308604717 -0.28249999880790771511 10 178.78447051348828722 181.12165333732829708 1
d -0.76541755605969163945 -0.4778117794478203284 0.022536234237136350961 -178.87834666267167449 -90.847920260367729384 1
d -0.61776645607855174003 9.4985594220354716555 9.9999999999999982236 -90.847920260370273127 -87.740550242317468133 1
d -0.22399690239999334174 -0.48158602962632518496 0.012089422820711794374 -87.740550242317524976 46.489464821857524157 1
d -7.1005528927138747974 -7.725296088001670114 9.9999999999999982236 46.489464821858334176 49.954812599774172099 1
d -0.68026136632560341155 -0.086134123595997383327 0.021175479935754640964 49.954812599774278681 89.714412586787688042 1
d -0.73000001907348699426 -10.064834683721961994 10 89.714412586786536963 90.298700575550611802 1
d -0.78210413025735425752 -0.070482932843584922278 0.005512431410605140962 90.298700575550228109 178.7844705134200467 1
d 6.0836646277657768778 7.5010997052774381899 10.000000000000001776 -130.76630923509139848 -129.78135725494593089 1
d -0.29644885872754167533 -0.16161880690016319773 0.028886566816962663123 -129.78135725494593089 -92.768803322959769275 1
d 0.18521502777243095683 9.7978542212195964822 10 -92.768803322960764035 -88.309882248432018059 1
d 0.47984662865269456233 -0.18739717723622395518 0.010402747327538652833 -88.309882248432074903 -1.4041359532836514834 1
d -9.5067509828729619414 0.057391335711734658975 10.000000000000001776 -1.4041359532838029178 -0.73641158150302243879 1
d 0.48607631436285220206 -0.071051615169870852018 0.0063472651881500983043 -0.73641158150301777585 87.319739390887008312 1
d 0.018749997019767150608 -10.053771740322680728 10 87.319739390912261001 92.647958189499149739 1
d -0.44302457463032401952 -0.069137311425737771331 0.0046930795629486410023 92.647958189499448167 229.23369076491576379 1
d 9.1703105476894481995 0.93471713151867774627 10 -176.33955198084109384 -175.28511202153890736 1
d -0.78404055138868722352 0.11371637677333583383 0.011849618522431845311 -175.28511202153890736 -93.387377151928163244 1
d -0.19387620665066404579 10.084416156087245398 10 -93.387377151929698016 -87.226717314679007131 1
d 0.289370955672749397 0.10836981112689944573 0.012256085747376178202 -87.226717314679063975 44.970981410017344615 1
d -6.7766064829385079804 -6.9504538397179809195 10.000000000000001776 44.97098141001043814 46.456851049301114642 1
d 0.08724871896142438743 0.27163984332932145094 0.036509376761551609603 46.456851049301107537 87.463175926999994658 1
d -0.35375000163912834195 -9.6820863698929997554 10 87.463175927001316268 92.550629590584222228 1
d -0.79828095235263141216 0.29698714729047809291 0.011030281981284993653 92.550629590584406969 183.66044801913051288 1
d 7.9750591435090081305 6.7500515297058854003 10 -139.71452668702900723 -138.44587427271432034 1
d 0.51255209458817208024 0.13520485468110798877 0.027778181905522794648 -138.44587427271437718 -90.301342809723550431 1
d 0.56499999761581487512 10.107288749572262532 10 -90.301342809724786775 -89.661263223571424419 1
d 0.62408461387925628916 0.11351204784815586979 0.0060486415130794725717 -89.661263223571268099 -1.267412899242357005 1
d -9.3674217353514723783 0.33456550085138497819 10.000000000000001776 -1.2674128992426689777 -0.27873021846899448395 1
d 0.62329203549124301276 0.28596269234683224791 0.0091680084238855135553 -0.27873021846904733057 89.206892573173917071 1
d 0.48499999940395294162 -9.7039121415365023893 10 89.206892573178265593 90.763230818178215031 1
d 0.3518849378205138323 0.2884517780439016521 0.0067494617140403945221 90.763230818178328718 220.28547331296414313 1
d 1.2943361990135935358 9.2949000893000395251 10.000000000000001776 -93.124158891218073109 -92.890144341411527762 1
d 0.79026029766509686691 -0.68969526836377115231 0.0026885128749752889438 -92.890144341411883033 -9.8827296808461841948 1
d -3.5273077787374069736 0.062499999999999979183 4.3852895460650671566 -9.8827296808452089749 8.923981554991094356 1
d 0.70434066004760009783 0.7269732004793111324 0.10178944175471422995 8.9239815549911227777 82.489487098090435779 1
d -0.0055016614051716181827 -4.6571803646775720154 5.5325339334903578248 82.489487098090492623 98.314149336195853834 1
d -0.79093619759860311902 0.71748548843509818429 0.10078095279796046857 98.314149336195853834 175.62889020487833136 1
d 9.0794890847117439847 -0.036996115592714373665 10 175.62889020487878611 183.87475404454207251 1
d -0.89492127680203803486 -0.71256792734563456637 0.0027374080347052826868 -176.12524595545818329 -97.227679412441943896 1
d 0.36285938741659662377 9.2052567904756283923 10.000000000000001776 -97.227679412394536484 -97.020520204233292816 1
d -0.85916606267675199593 -0.71795954236053494135 0.0018217364890813012978 -97.020520204232383321 -4.5165755932990112598 1
d -10.826295922448043285 0.069371993523636793499 10 -4.5165755932927815763 3.5226823869164625158 1
d -0.78030333105983951114 0.68780322782696079464 0.065009902518160161966 -176.47731761308352816 -273.52274177218953355 0
d -0.16186168440189829809 10.733795178225269851 10 -93.522741772187544029 -85.233208140010646048 1
d 0.67456630370587167267 0.70332311206891251487 0.065285969570511748206 94.76679185998932553 -3.7643867569220867964 0
d 10.718136109786218668 0.042499989271163329807 10 176.23561324307783593 184.1757871733532852 1
d 0.74960684338983740727 -0.68530781775755200691 0.004937221859329541003 -175.82421282664623163 -93.124158891218840495 1
