197
-0.7142654308423020959 -0.1394159444020365568 0.0738231009196381599
-0.67770748447558148975 -0.20717480947374816713 0.11075251145849746015
-0.64702037684425461883 -0.27442477978033480435 0.14141351230211846035
-0.62959226300611392801 -0.34133602010036384611 0.15849647709072547941
-0.69703349742985620807 -0.40910023008207591078 0.091103029115537900728
-0.76541755605969152843 -0.47781177944782027289 0.022310871894765115647
-0.68756248173114975497 -0.39958385776132687717 0.10059453607929065566
-0.6109178768916155855 -0.33595510256575511487 0.16382825987746890695
-0.53447817567998989752 -0.36472579551231509853 0.13499950285902279079
-0.45757982531330548825 -0.39366911673712773334 0.10540983501068740269
-0.38020936907630048518 -0.42279013113470281793 0.075048749215489110598
-0.30235307043856418652 -0.4520940089175385368 0.043905387042343223258
-0.22399690239999353603 -0.48158602962632507394 0.011968528592504865463
-0.30046300248170004776 -0.45280540056315143893 0.043142007608768483118
-0.37645280613770237821 -0.42420404193141847404 0.073559665606355906231
-0.45197935647734249764 -0.39577704451133854935 0.1032319398657227244
-0.52705543277722011197 -0.36751959838558412308 0.13216893948432567596
-0.60169355992795425792 -0.33942698938368698336 0.16038045438270359666
-0.64590337131012121041 -0.27687266733967158538 0.14252103200518170811
-0.68003249521079800477 -0.2020796110345794705 0.10841110165391140696
-0.68026136632560474382 -0.086134123596001060941 0.020963725136400979815
-0.71426632065086592682 -0.13941504023989198524 0.073822207196689748621
-0.74806764037196060713 -0.10506846839939171234 0.039815222841198899539
-0.78210413025735880943 -0.070482932843580384241 0.0054573070964927796953
-0.38488903884302605451 -0.089222167225180559758 0.027005786999740311743
-0.3270137419132193024 -0.10921711484961016403 0.04894187161290670246
-0.29644885872753951039 -0.16161880690015761886 0.028597701148798969351
-0.20872227732533232825 -0.12535335672578962196 0.068286362278590126418
-0.12283094180891732106 -0.12607359515038218944 0.070579425267145612377
-0.036973243968218973132 -0.12679355150756332904 0.072136762241478580293
0.048863669228675243872 -0.12751333357592992135 0.072958955706542941155
0.13469263837540559892 -0.12823304902977494812 0.073046313105514903974
0.22052649931280426943 -0.12895280550353943605 0.072398867100359129423
0.306378090808318293 -0.12967271065620289416 0.071016375601626699487
0.39226026223913146307 -0.13039287223571405239 0.068898321547548435628
0.47984662865269456233 -0.18739717723622398293 0.010298719854263230916
0.44001233934292638406 -0.14776121921384954838 0.050610048606655140546
0.4455812824187062593 -0.10920108062345897093 0.045810799057985331084
0.4860763143628544225 -0.071051615169868742594 0.0062837925362655578515
0.39925038905680876322 -0.13045148766993286404 0.068693587122508906195
0.31528069297292471429 -0.12974736307741907559 0.070830965592562980526
0.2313415019449747978 -0.12904349428385594734 0.072265167895295551181
0.14742080592541303985 -0.12833978057946027196 0.072996706785841275478
0.063506605445972696966 -0.12763612134316099089 0.073025843734381923333
-0.020413095246963525176 -0.12693241598503696155 0.072352589154218591161
-0.10435029505242106318 -0.12622856388879227785 0.070976702410856143399
-0.18831700287879118982 -0.12552446435419475912 0.068897691612109249193
-0.27232524451989198466 -0.12482001653942403907 0.066114813178886677747
-0.35734580745579791472 -0.098737893246649124923 0.037485694496706321865
-0.44302457463032407503 -0.069137311425737757453 0.0046461487673191423711
-0.73477117264689983944 0.24001416221907931337 0.069880453134699274664
-0.71916107000998363841 0.18011676639528381716 0.080963067407309352586
-0.78404055138869155339 0.11371637677333139294 0.0117311223372013676
-0.68987296358738858792 0.20453003412720660581 0.10659481432882353391
-0.6011900418732356588 0.20381275623616484927 0.10989464989202750445
-0.5125597490627150643 0.20309590401387977998 0.11240671325850579154
-0.42396781731214405742 0.20237936206035539444 0.11413201396131229803
-0.33540000344292242307 0.20166301517508750107 0.11507124499390287975
-0.24684207977540603696 0.20094674828293482283 0.11522478348955488003
-0.15827982498386300447 0.20023044636014203368 0.11459269109094655237
-0.06969901496018413023 0.19951399436045091917 0.11317471401055166635
0.018914586326255714011 0.19879727714117328974 0.11097028278196129081
0.10817566847837339905 0.17838852587076364786 0.088474714253736333469
0.19842221839968898767 0.14351484050399151982 0.050847436365164339067
0.289370955672749397 0.10836981112689945961 0.012133524889902425753
0.22349286533906620456 0.13382687066949316979 0.040254849624935980235
0.15798568431584986138 0.15914060091468923419 0.067804563890338953591
0.09284082784512442954 0.1843143192430282129 0.094789752417087771996
0.087248718961423263329 0.27163984332931884191 0.036144282993938944837
-0.0038471499176144750842 0.19898137673841070905 0.11161152303602867031
-0.091649811733736014085 0.19969153498396724489 0.11359931984425229723
-0.1794237381738592596 0.20040146081442583581 0.11481499110278151066
-0.267182778848449487 0.20111126624706326949 0.11525901620156252247
-0.3549407739761262226 0.20182106322319576241 0.11493157020259751888
-0.44271156311594350719 0.20253096367880019102 0.11383252400838105023
-0.5305089938987553877 0.20324107961514495391 0.1119614442376910407
-0.61834693076941849021 0.20395152316948733651 0.10931759280851242877
-0.70659860264368656857 0.21474127641073681438 0.095915505570397199819
-0.798280952352630635 0.29698714729047748229 0.010919979161473088169
0.40740112708674769415 0.26318008367483125554 0.032279649000122798141
0.46263246384699385771 0.23803805788652532271 0.057444392822927507758
0.51758449390134941837 0.21302317615835361653 0.082181038819407081775
0.51255209458817185819 0.1352048546811076557 0.027500400086467202687
0.54976960323507373385 0.18904145843538139315 0.080923604873764223844
0.5867858615673490208 0.15142030828352939786 0.043666645129177200646
0.62408461387925806552 0.1135120478481540518 0.005988155097946150536
0.5665911366382713199 0.17194504020030867975 0.064009601585910277932
0.56536399295148520583 0.22910830409172408539 0.065987919003392805917
0.62329203549124312378 0.28596269234683235894 0.0090763283396464895791
0.5549722237515437584 0.21890913880238418998 0.076162692914788013288
0.48758912855372771311 0.22667745818982409922 0.068715962123920948379
0.41995042844505725554 0.25746747780861028998 0.038023910413536310404
0.35188493782051494252 0.2884517780439011525 0.006681967096901162903
0.77107617078933288202 -0.66570760780536508694 0.025401002147354238836
0.79026029766509686691 -0.68969526836377115231 0.0026616277462254860943
0.77322957042523265958 -0.59613624283515243008 0.034262684951340535711
0.77690558239745388658 -0.50659786261270456365 0.043180312599701044241
0.78005318332022421934 -0.41733467110589472782 0.050771651603774427264
0.78267668487410790856 -0.32830220830297252022 0.057047375225761517981
0.78477964980012238083 -0.23945649897792845029 0.062016277256439177046
0.78636490366702993526 -0.1507539588609965453 0.065685301241298871266
0.78743454415128322221 -0.062151302587210813244 0.068059563465215203171
0.78798994788620146945 0.026394547000977215678 0.069142369836332456812
0.78803177492195430887 0.11492654861041577685 0.068935226772085966829
0.7875599708232565721 0.20348763171936126715 0.06743784615354712908
0.78657376641731890921 0.29212078566687338377 0.064648144378144159483
0.78507167519031428871 0.38086914901035656689 0.060562235505031161709
0.78305148831637449991 0.46977609955418414556 0.055174418451461593182
0.78051026728867345383 0.55888534545755630401 0.048477158162308499334
0.77744433410741597967 0.64824101783815857303 0.040461060637769316606
0.75821954124000834341 0.76256162614170297509 0.036845829280443380405
0.73893303303215573941 0.7822630838281916521 0.036204088347412316518
0.62418286344264384269 0.80200523620140140579 0.036781612183712307507
0.53461251784262342479 0.80344810952636591672 0.044806368125140744185
0.44525562110012684158 0.80456171489868621993 0.051700702816451352128
0.35608022367872904645 0.80534769256306149021 0.057471317638234091507
0.26705464428825087531 0.8058073610670253295 0.062123807472578486399
0.17814742211469827837 0.80594172058460922248 0.065662673694242126854
0.089327269753037619182 0.80575145549334636907 0.068091334590827556905
0.00056302669041200458476 0.80523693621617353777 0.069412133256702535089
-0.088176386809576776105 0.80439822033662877754 0.069626342994466974834
-0.17692201556873068946 0.80323505299259823076 0.068734170247011727728
-0.26570491524804135119 0.80174686655081983666 0.066734755072683199506
-0.35455619813866379175 0.79993277956123298722 0.063626169165577700637
-0.44350707913548670369 0.79779159498724638855 0.059405411412526372417
-0.53258892203976615498 0.79532179770486011172 0.054068400967809800151
-0.62183328633907652971 0.79252155126047529876 0.047609967815981188433
-0.71127197461546953772 0.78938869387396326527 0.040023840782365704971
-0.82874770598179825498 0.77336282591934268904 0.032979412508547620297
-0.85126061323992752161 0.75251440506938682695 0.030713563727453097041
-0.87010434449082874053 0.63357848791051663007 0.027556405876043441744
-0.87058431256110968555 0.54375700573225571599 0.032662759054769001377
-0.87106382315299757391 0.45402113630607326966 0.036966260236583031729
-0.87154295441154483459 0.36435625552473310806 0.040468655442716099102
-0.87202178423552367814 0.27474778537044552973 0.043171364320291623351
-0.87250039032820403406 0.18518118441106345973 0.045075481547795372139
-0.87297885024787735819 0.095641938346795324355 0.046181777917647368059
-0.87345724145816228123 0.0061155505942474654504 0.046490701097826374333
-0.87393564137819634841 -0.083412467105053650362 0.046002376073996154027
-0.87441412743274937736 -0.17295660406477222915 0.044716605272895580681
-0.87489277710236523777 -0.26253136003527699494 0.042632868367271745114
-0.87537166797356613657 -0.3521512545995491017 0.039750321761952603361
-0.87585087778920100998 -0.44183083659635374874 0.036067797760141948049
-0.87633048449901973509 -0.53158469358376947422 0.031583803408388712308
-0.87681056631052778361 -0.62142746135613524672 0.026296519018115058902
-0.89492127680203870099 -0.71256792734563523251 0.0027100339543573129415
-0.87496329675962947192 -0.69861191380039977528 0.018886409677790674116
-0.85916606267674966446 -0.71795954236053771691 0.001803519124186867776
-0.8768500975331026126 -0.62882535555737628652 0.025825572680336021658
-0.87638199677420081102 -0.54122472839779600662 0.031054740399804284245
-0.87591435560268016136 -0.45371010866704442055 0.035520164852056557159
-0.87544710151208282589 -0.36626792746814262891 0.039223568736262183487
-0.87498016223493468857 -0.27888466062688094249 0.042166379356006249146
-0.87451346569790244789 -0.19154682030121605862 0.044349729963055847803
-0.87404693997721683019 -0.1042409466383267258 0.045774460823021112521
-0.87358051325428609513 -0.016953599468338416412 0.046441120004785778341
-0.87311411377144809709 0.070328649976186874415 0.046349963895094083155
-0.87264766978780039519 0.15761922732584451867 0.04550095743918457919
-0.87218110953506156058 0.24493156333587881579 0.043893774107885100144
-0.87171436117337897098 0.33227910215437655994 0.041527795591137638131
-0.87124735274706233135 0.4196753096079836598 0.038402111217384411745
-0.87078001214015399167 0.50713368151600290989 0.034515517097820233583
-0.8703122670317868792 0.59466775204379740405 0.029866514994020248314
-0.86193361530677758964 0.73272772096724136937 0.027884151830300418079
-0.82773129599371675358 0.77398266999673781541 0.033024741374596877641
-0.68378215493800387215 0.79038634706647248329 0.042473995168723056859
-0.59352887054793712629 0.79344494864440029414 0.049778634400045339292
-0.50341331887938300937 0.79616652303061241636 0.055938556495608526831
-0.41341146918751331407 0.79855242012566407528 0.060957532866316666009
-0.32349940615851935366 0.80060378251916097803 0.064838631852869157979
-0.23365330575944315283 0.80232154709733982667 0.067584223371904589284
-0.14384941128250458564 0.80370644633681087576 0.069195982498462357824
-0.054064009532928822277 0.80475900928793231426 0.069674891994882998114
0.03572659289013512679 0.80547956225043360057 0.069021243793265102395
0.12554609326972129835 0.80586822914300770826 0.06723463943565530232
0.21541821645410472175 0.80592493156774636098 0.06431398947321510795
0.30536673859676116694 0.80564938856943424383 0.0602575118226623338
0.39541551100339722424 0.80504111608885131623 0.05506272907536915312
0.48558848413662381027 0.80409942610837503718 0.048726464751528128505
0.57590973182933324903 0.80282342548729224152 0.041244838488819941802
0.72168421355753042956 0.7916526800704929423 0.034476768708982322154
0.76383766468439240338 0.7529687592965591536 0.036492694263578755176
0.77901735239492286844 0.60428092557849699684 0.044567179875016182944
0.78190970722928454517 0.51207068890452012155 0.052157351038569284285
0.78424567356479679692 0.42001550591756303676 0.05834944277163208598
0.7860270882164123174 0.32808403789116546978 0.063148179287361452805
0.78725536282800367971 0.23624510124415665224 0.066557216310136460558
0.78793148657156730774 0.1444676281530122286 0.068579147994286951406
0.78805602804383645399 0.052720627470142104876 0.069215511825830716708
0.78762913636706521903 -0.039026854155607346164 0.068466791524498055166
0.7866505414978818278 -0.13080577105907256752 0.066332417956285624761
0.78511955374537634178 -0.2226471173419323768 0.062810768059743782299
0.78303506249675158823 -0.31458196576133590217 0.057899161782221077177
0.7803955341461025208 -0.40664150682691135863 0.051593857015261090915
0.77719900921906981406 -0.49885708820985513734 0.043890042511293851646
0.77344309868322302925 -0.59126025456962427729 0.034781828756549018622
0.74960684338983751829 -0.68530781775755189589 0.0048878496407363967655
