260
-0.3245727248671878562 0.37235127176563470597 0.052361675591617931613
-0.36731144458790782048 0.40472326645381800914 0.020309473922616661651
-0.41636423122427940191 0.41389636859846534733 0.011287333278589621946
-0.42267856822938748573 0.41375000774860376529 0.012260832208834867088
-0.41927450993632453535 0.41391841946014040765 0.011576732735551528708
-0.4024742046294370601 0.41379311445174116191 0.011191317240911401176
-0.37824078601560967572 0.4116156415927723633 0.013455944735142704588
-0.32984627378742487069 0.33269075366426470453 0.058016566328304208788
-0.32988440830355980626 0.26529651900324352498 0.058433475772942528037
-0.32992254134146026257 0.1979048967920090385 0.05839807800584189551
-0.32996067640625448281 0.1305096924995296781 0.057910364892588064856
-0.37941346983758850175 0.052038861986647824698 0.012119967741840270356
-0.40286882083868991167 0.049958017506860415147 0.0099526921070496980615
-0.4180388063081303951 0.049942619421936076951 0.010032738342454345509
-0.42000000365077672093 0.0499999988824129174 0.010204689661430500075
-0.41565867936579431463 0.049954091492270785713 0.0099480059957177558588
-0.36736744952513156193 0.060026742127749832534 0.020061848008004971866
-0.32353980686418859491 0.091316772071341145711 0.051040878071849378472
-0.27382688703219421056 0.050351451677119379857 0.010491099231706178807
-0.26812499730537669995 0.049999998882412924339 0.010806008368156184984
-0.27932764249488095665 0.051763199698377060365 0.011692283774044093941
-0.3299589550440668595 0.13355181546105099333 0.057942126706083396659
-0.3299191518379028798 0.20389508681515855493 0.058419538847336881238
-0.32987935050044381313 0.27423505565188183164 0.05840419744289247761
-0.32983954704608697828 0.34457876563233386102 0.057896098652054660272
-0.28163023146296034538 0.41576879110863090849 0.0092001309237071948743
-0.21846403379464507388 0.41599284318200224764 0.011426872246946814804
-0.22849403799799042347 0.40612652721307035408 0.0014920975988800891376
-0.18709825100091490024 0.40491499220831966843 0.022422018333964229692
-0.14195307445357047138 0.36644152531967183473 0.045698105880468367634
-0.12790245645077868986 0.31745174078149684949 0.059169855271920868134
-0.12888678489183105769 0.27784289704908005092 0.05819102233442963179
-0.14142788565533379042 0.23642469912491922979 0.04562452981121917911
-0.18773084994425362493 0.19571932033262756656 0.020575379267446427395
-0.22767416761556763527 0.20440601010271144955 0.0023070797974314091738
-0.21452807102063370381 0.19044101709120689336 0.015330252476198536274
-0.22852441895673489269 0.17647263400104576392 0.0014630895244481286876
-0.19478857346840500187 0.19361254378985362501 0.018491414127262441325
-0.16112106437087678201 0.19627336339519516062 0.021072866419301044399
-0.13780962449681721793 0.24512929091057170106 0.049236142033681186414
-0.12820894654622233544 0.28252791863639392655 0.058870742896711465708
-0.12791587438194479409 0.31757210744864333707 0.059156346626960544521
-0.13678012499897268528 0.354668582695985668 0.050242808716206989461
-0.16354569698336743344 0.39295052373897632059 0.034133597720928429697
-0.19637672379176349113 0.40851714039978748172 0.018857744577173856521
-0.22835439371757193516 0.42585850798655094929 0.0016308484421074533575
0.18720339605817956641 0.3759113243820565442 0.026577481963450725472
0.16016214796560951372 0.31340847866453974691 0.05234336620641598381
0.14895692304162544417 0.25760789704810155287 0.063751710606318151564
0.14886432603959576237 0.20410464623544039009 0.0638546101886825479
0.15985051489850254924 0.14839672855843935584 0.052687225050056518683
0.18620104766064676793 0.085586399529936546537 0.026672871597740975547
0.24461269360920637195 0.03598303608541132681 0.0028631107184038666509
0.2305673266861139048 0.054512105475196442894 0.016783625125650947912
0.24640078639433557472 0.073046775380944020672 0.0010900946736183546749
0.2138157574088254409 0.060070673309961367115 0.017080591192486203195
0.15691020903734537173 0.15892464795240809905 0.055676738053208253698
0.14772993740905679405 0.2221062191287341836 0.065005716785676265213
0.15309373583817459386 0.28525327931876626186 0.059538763560997930158
0.17611640145307896899 0.35559431828352661142 0.036104420623554019099
0.21207613012726195256 0.3984299296596157669 0.018452911656352651709
0.24582318064282876469 0.38756512956842648077 0.0016631650796515564869
0.23060632543668735384 0.40687341111259445192 0.016745803997119900614
0.24580521891758672082 0.42618246460395536879 0.0016799357969395770692
0.29143023091133846147 0.053729664794671422312 0.018758322677487480196
0.27465504258606893151 0.036878640420237737696 0.0021367933884737645538
0.32084774715059427574 0.061637358738219336085 0.027404627694199996946
0.35485219529603906352 0.092248308633774311893 0.049382205296307699061
0.4078696319745335197 0.080147631897709070703 0.014535769425339137642
0.3637848111976112464 0.12484224601921885267 0.058368005989489234187
0.36376805959351610209 0.16924968784020641421 0.058375541925362040008
0.41546208613313101443 0.22664294523553243921 0.013272977993689479698
0.42937500402331346683 0.22874999791383737735 0.013052537472012635048
0.42375738402298823715 0.22836249793875224023 0.011990661395150243804
0.37209268296533193343 0.18968103519169504656 0.050064121502819323994
0.3260524607780469486 0.21899337887797673541 0.021052172616023413776
0.27317925006657750586 0.22894541769653997676 0.011353011444658705348
0.26624999940395355225 0.22874999791383743286 0.012740843760987354688
0.27027603244663744864 0.22896635195933845441 0.011734717303570701974
0.2887448426269461077 0.22879762061555614094 0.011197714329327273022
0.31417769233776032811 0.22663305345211803843 0.013456674585937754979
0.36376643924065266145 0.17354514068653650871 0.058365853994426404594
0.36378229516043403269 0.13151210127180579246 0.058381671126618274459
0.34348155235712751754 0.078108247557020352159 0.039391918959981508941
0.30058858456196430042 0.054336622566824713254 0.021210193139212199509
0.27396847597806567309 0.070581776487122299679 0.0014571594574309956142
0.28600339634965288305 0.40853901006924647765 0.018340699585692125245
0.26919418320570093206 0.38962823461047013662 0.0016814784195163235119
0.32158449529371674336 0.4056498645354913446 0.020161541627099214408
0.37275366087406519577 0.37933890674142572985 0.024220787995613557442
0.40083238090308725976 0.32061997512738033 0.021481096113288519062
0.40125000476837158203 0.31312500406055948643 0.021119243449320285189
0.3953672539599836222 0.35290766359854280898 0.027006040446685721651
0.39611429666889652612 0.39066011236064385193 0.02626915318457226714
0.41131226302887013979 0.42849975418738928123 0.011084128680883041304
0.40499964607436128583 0.42662833585308368445 0.017343740828500014972
0.40142354906152538652 0.42751710925842684174 0.013961974768814843645
0.39917917960709736747 0.39857003674677965455 0.023217565452969077949
0.36141636305434127197 0.38349996955627196904 0.019604402951331804938
0.32730754397191547111 0.40351899406025382167 0.019933890265743003239
0.30076840847813024471 0.4103406378564610768 0.020676671992878127571
0.27054584516058494126 0.427446545475625439 0.0030204175556449970944
-0.79670478331739347233 -0.079544986667828151972 0.0091238391302188737858
-0.78948786026796646809 -0.066502683181090593845 0.001970075983118995018
-0.83430885536338050823 -0.088965379834077318311 0.022053587594242689274
-0.84919127067053268298 -0.12320848194042463564 0.037476719097225698329
-0.83773450518222258854 -0.15930531097391750772 0.051747396036669571218
-0.83773450518222258854 -0.15930531097391750772 0.051747396036669571218
-0.83773450518222247752 -0.15930531097391750772 0.051747396036669536523
-0.84452462376397674504 -0.1469693348364914387 0.046574079948867898315
-0.8195040593683511343 -0.078824057462214519587 0.016354342620730044633
-0.7883653318303326385 -0.092588044410311320931 0.00085994801533979608413
-0.75269444264196094796 -0.077917824674256327966 0.0097152157144000089034
-0.76167861585576479566 -0.088749078120367072553 0.00081462854895071644748
-0.73133887629525995422 -0.078222235756514532645 0.015195525645830633421
-0.69253058199853423371 -0.11123632501947094964 0.034441310825113820304
-0.67254220669556541434 -0.16570986851926844396 0.050332501967552185917
-0.67732761660573859164 -0.21753565819259859659 0.047240264561694590706
-0.71903006871642782816 -0.27836647112735057874 0.019020999318877965939
-0.77226085126030696859 -0.30877904974136322069 0.018822379054020961509
-0.80984555443099404126 -0.33515668080374672044 0.014709128623547455122
-0.8501678002301406023 -0.36445933990384221657 0.00045555202633155983524
-0.82466672275301233785 -0.34248781801690919568 0.008527228325480135443
-0.79140657266403424686 -0.34980402682777111956 0.0041754883503052203642
-0.77451198860973846649 -0.3104730074258557071 0.018948263680947520504
-0.73887202956696829137 -0.28883456728866224728 0.017341999146112632713
-0.6996254169120437183 -0.26012210100159049997 0.030652517161586120137
-0.67671787880298162055 -0.21555110756535345029 0.047684301394093596416
-0.67163550523955350968 -0.17734113601390374959 0.051150770800356515355
-0.67919754924891706516 -0.13844459500791356232 0.044955776809597676469
-0.70428856318692145688 -0.095388298294207390926 0.025878103000609276041
-0.75996827274582834377 -0.0670891047804287044 0.0025087660560263375965
-0.8275746839343151029 -0.42695130703378331161 0.043675916509262564802
-0.84758248765846766482 -0.43875281009911615282 0.036649879880313346314
-0.87015916991433817085 -0.47439083102126622382 0.0111747519005774721
-0.8650012755872177328 -0.47073364288037478076 0.017308211412491534414
-0.86335002509702640783 -0.46348050930515483081 0.021259537801524359263
-0.81258374940177224843 -0.42546856268251209698 0.044083525098065623471
-0.75253265952112990966 -0.44168141355978174367 0.042441557480668266888
-0.71915777315181927953 -0.44678483790591361213 0.041146529180290158934
-0.68824920002174927447 -0.44380199046466639601 0.034585347211090737563
-0.65386295006741723679 -0.42840789431842091206 0.023649522392035705193
-0.63227333434439780824 -0.39743597414928533151 0.014809083507913033476
-0.61866947468928945586 -0.36311950711927920565 0.014234537453836650783
-0.61819767914893819505 -0.36017441341786105014 0.014943509901888541933
-0.61953315033210232254 -0.36732904355420864517 0.013530443115241194696
-0.63513368920954915708 -0.40244053034630705712 0.01569864535953336207
-0.66401716925674092451 -0.43577354276401925048 0.026538551469631341262
-0.71974261940672545901 -0.4467722351119521873 0.041222731750467533907
-0.76398290966590298723 -0.43774728837561749373 0.041370731366656927908
-0.28263778398567468431 -0.078964044918897968728 0.01168670106922725313
-0.27206486418402597849 -0.064142216507407132098 0.0012087225405336325754
-0.32268505419821702507 -0.12542374744581344381 0.032511855472071568562
-0.34654986219121958202 -0.18852057340414871134 0.056861233505628161478
-0.35690478028409794442 -0.24513566755802132513 0.067426406123535911896
-0.35691129691778189503 -0.29979181264242821259 0.067433055137940720036
-0.3465712925473762307 -0.35640162072623005063 0.056883099190621649877
-0.3227283013792670574 -0.41948617820625105912 0.032555981110792220345
-0.27214223223576794464 -0.48075308863898247314 0.0012854426600521578171
-0.28256194792152622419 -0.4661464754618467321 0.011611373842688101077
-0.27248014558407723795 -0.45154014302312217577 0.001619677514768427893
-0.29744431010601890542 -0.4544136836638605903 0.016390252201576333002
-0.34359756295806248572 -0.36658638193626064128 0.05384898865121005157
-0.35650618006711293217 -0.30398355182606379143 0.067019712478510171105
-0.35655642155010985883 -0.24150549235211710153 0.067070974033708638529
-0.34374868787885215493 -0.17890460185891365885 0.054003181919821868773
-0.31691038952216332714 -0.11391287048007318894 0.026671188810744123066
-0.29654701134757427416 -0.090315368704781448517 0.016537651545086774763
-0.27254569059856276203 -0.093785284745156849429 0.0016845652408193718865
-0.21061304396056060306 -0.45744928781333582535 0.01168670106922725313
-0.22118596376220925337 -0.47227111622482670361 0.0012087225405336325754
-0.17056577374801834557 -0.41098958528642048904 0.032511855472071568562
-0.14670096575501578862 -0.34789275932808533254 0.056861233505628161478
-0.13634604766213745397 -0.29127766517421271875 0.067426406123535911896
-0.13633953102845358663 -0.23662152008980594231 0.067433055137940720036
-0.14667953539885916769 -0.18001171200600424305 0.056883099190621649877
-0.17052252656696836874 -0.11692715452598317905 0.032555981110792220345
-0.2211085957104671762 -0.055660244093252243813 0.0012854426600521578171
-0.21068888002470911869 -0.070266857270387839129 0.011611373842688101077
-0.22077068236215782737 -0.084873189709112395462 0.001619677514768427893
-0.19580651784021629869 -0.081999649068373869909 0.016390252201576333002
-0.14965326498817282941 -0.16982695079597354137 0.05384898865121005157
-0.13674464787912246622 -0.23242978090617047449 0.067019712478510171105
-0.13669440639612562283 -0.2949078403801169701 0.067070974033708638529
-0.14950214006738324346 -0.35750873087332030176 0.054003181919821868773
-0.17634043842407198799 -0.42250046225216086881 0.026671188810744123066
-0.19670381659866106872 -0.44609796402745249821 0.016537651545086774763
-0.22070513734767258085 -0.44262804798707688914 0.0016845652408193718865
0.18329521668260656542 -0.059544986667828127269 0.0091238391302188737858
0.19051213973203359742 -0.04650268318109058302 0.001970075983118995018
0.14569114463661955727 -0.068965379834077300547 0.022053587594242689274
0.13080872932946743803 -0.10320848194042461787 0.037476719097225698329
0.14226549481777747697 -0.13930531097391748996 0.051747396036669571218
0.14226549481777747697 -0.13930531097391748996 0.051747396036669571218
0.14226549481777758799 -0.13930531097391748996 0.051747396036669536523
0.13547537623602337598 -0.12696933483649142094 0.046574079948867898315
0.16049594063164895896 -0.058824057462214508762 0.016354342620730044633
0.19163466816966742701 -0.072588044410311303167 0.00085994801533979608413
0.22730555735803906203 -0.057917824674256331019 0.0097152157144000089034
0.21832138414423532535 -0.068749078120367151934 0.00081462854895071644748
0.24866112370474005577 -0.058222235756514563454 0.015195525645830633421
0.28746941800146569301 -0.091236325019471015141 0.034441310825113820304
0.30745779330443451238 -0.14570986851926845396 0.050332501967552185917
0.30267238339426127958 -0.19753565819259860659 0.047240264561694590706
0.26096993128357215408 -0.25836647112735061649 0.019020999318877965939
0.20773914873969312467 -0.28877904974136320293 0.018822379054020961509
0.17015444556900610751 -0.31515668080374670268 0.014709128623547455122
0.12983219976985951871 -0.34445933990384230983 0.00045555202633155983524
0.15533327724698778316 -0.32248781801690923343 0.008527228325480135443
0.18859342733596579089 -0.3298040268277711573 0.0041754883503052203642
0.20548801139026157125 -0.29047300742585568933 0.018948263680947520504
0.24112797043303171862 -0.26883456728866234053 0.017341999146112632713
0.28037458308795626394 -0.24012210100159045445 0.030652517161586120137
0.30328212119701825067 -0.19555110756535343253 0.047684301394093596416
0.30836449476044641704 -0.15734113601390378734 0.051150770800356515355
0.30080245075108286157 -0.11844459500791357232 0.044955776809597676469
0.27571143681307846984 -0.075388298294207484185 0.025878103000609276041
0.22003172725417166622 -0.047089104780428749086 0.0025087660560263375965
0.15242531606568499036 -0.40695130703378340487 0.043675916509262564802
0.1324175123415324562 -0.41875281009911619057 0.036649879880313346314
0.10984083008566192241 -0.45439083102126620606 0.0111747519005774721
0.11499872441278238822 -0.450733642880374763 0.017308211412491534414
0.11664997490297371319 -0.44348050930515481305 0.021259537801524359263
0.16741625059822784483 -0.40546856268251213473 0.044083525098065623471
0.22746734047887010033 -0.42168141355978172591 0.042441557480668266888
0.2608422268481807027 -0.42678483790591359437 0.041146529180290158934
0.29175079997825070777 -0.42380199046466637824 0.034585347211090737563
0.32613704993258268994 -0.40840789431842100532 0.023649522392035705193
0.34772666565560206298 -0.37743597414928536926 0.014809083507913033476
0.36133052531071041535 -0.3431195071192792434 0.014234537453836650783
0.36180232085106167617 -0.34017441341786108788 0.014943509901888541933
0.36046684966789754867 -0.34732904355420873843 0.013530443115241194696
0.34486631079045071413 -0.38244053034630715038 0.01569864535953336207
0.31598283074325900222 -0.41577354276401928823 0.026538551469631341262
0.26025738059327452323 -0.42677223511195216954 0.041222731750467533907
0.21601709033409707827 -0.41774728837561753148 0.041370731366656927908
0.77830694403464417697 -0.12406356037419666305 0.046745614197519595734
0.73437768447298845675 -0.1205742027458556187 0.038607897574851703093
0.68310608283732676682 -0.10022769344736848218 0.013001716347945221214
0.67781251203268766403 -0.099999997764825848678 0.012563061627611751131
0.68455809480228146935 -0.10039097804474532427 0.013266563138379898132
0.73014937422307524262 -0.11814220947782953786 0.035752378881334666294
0.76412007287335992345 -0.23265588576658191577 0.061847914332323623843
0.76399871255500129141 -0.30687115022426370015 0.062016018436087623489
0.76387734961508202414 -0.38108801784090717835 0.061635395764923259221
0.70889645840013137956 -0.46916089287364115545 0.013242265525683421731
0.69374999403953541144 -0.47124999761581420898 0.014109657429571180118
0.70056727641305616139 -0.4707934097581979449 0.012297554677911019458
0.74433737722415915794 -0.4405597617196642668 0.041687794062280784935
0.78159528254034382755 -0.43890729607390688294 0.04332663519228808352
0.82488191657174059213 -0.47094447414327206269 0.011797553821803082735
0.83083331584930419922 -0.47124999761581432001 0.012545685754230291933
0.81770695456418862612 -0.46931822835409753303 0.013091341126293655484
0.76387151620261062313 -0.3846553144256950052 0.061603279915306813352
0.76398863630299629346 -0.31303306309186457179 0.062005305006724992234
0.76410575291512461416 -0.24141294492590059662 0.061896302702913200133
0.76422287820636580769 -0.16978751923665832968 0.061276244692488809895
0.80578591384922348961 -0.093130479252406292434 0.019131275170882585529
0.81219355148605076877 -0.085649955095067106803 0.0124153774881766224
0.81677976884596259488 -0.074855356831591945976 0.0022472791326603727344

Metadata: 
LoopIdx: 0 26 46 64 86 102 112 132 150 169 188 198 218 236 