24
d -0.48943145622482647772 10.089388714485316711 10 -90.445453599266031119 -88.673855232320136111 1
d -0.2584296934947336033 0.11079300210283979378 0.018730831925111286057 -88.673855232320207165 -0.89958684109881792423 1
d -10.238468627433460867 0.26749999821186126736 10 -0.89958684109873898738 0.90761160217576364317 1
d -0.22404184595958362425 0.42614990829747695367 0.015683379354171925191 -179.09238839782412356 -272.29767862905106313 0
d 0.17750001698732437161 10.433780881098808635 10 -92.297678629054246358 -87.724467487546249345 1
d 0.57370210071798055651 0.46302880517225447621 0.021379200974406133151 -87.724467487546363031 -0.16863873508702964532 1
d -9.4048754758340642468 0.49239884907600078856 10 -0.168638735086988234 1.7342080199887452974 1
d 0.57156743399913323422 0.79445447656465861819 0.018985485670373850042 1.7342080199886911185 87.050071135484969886 1
d 0.057912209845366005578 -9.1733340969333880821 10 87.050071135483378271 93.436173501421663445 1
d -0.53759638585846947212 0.74444586490936925927 0.064357602093013707711 93.436173501421649235 178.28734995749277914 1
d 9.3936076204836620462 0.44750000536441741916 10 178.28734995749280756 181.86069015655334624 1
d -0.56691089453308152191 0.12391671510848602245 0.034226812046934770861 -178.13930984344662534 -90.44545359926719641 1
d 9.3976614996385219314 -0.28375000134110511807 10 178.92496706276168084 181.11520603265043405 1
d -0.57681487297385003465 -0.47791790075649209779 0.023633924070055239985 -178.88479396734948068 -93.906968201695846687 1
d 0.10294105707637168923 9.4752630961171906421 10 -93.906968201695192988 -87.502316383241009135 1
d 0.53598068094355433288 -0.45218490076875361705 0.063111802645972298054 -87.502316383241051767 -1.3650538531228109118 1
d -9.3980874835395162847 -0.215464073384006638 10 -1.3650538531227758288 2.5888393134089375813 1
d 0.55330889608989963779 0.23448377221057017938 0.038436720661930490195 2.5888393134089566772 89.443572801586498144 1
d 0.45656882784733410219 -9.7266097584944315457 10 89.443572801585347065 92.512681275114289292 1
d 0.019484531733483179822 0.2336781508018517528 0.030126484353823881901 92.512681275114289292 178.78967895048410242 1
d 9.9871337163953537441 0.023089334639703126828 10 178.78967895048728565 180.40536086202573074 1
d -0.027058586401483595424 -0.047761073352594142494 0.01444293296976738479 0.40536086202571508519 -91.110718698283790218 0
d -0.22118339683966192766 -10.060322324884614531 10 88.889281301717659289 92.006893961255556746 1
d -0.57032106339060562039 -0.096700146436254838522 0.030262589963933064774 92.006893961255471481 178.92496706276486407 1
