89
-0.50518177916312401177 0.1871897187467499446 0.096810593347521997631
-0.44423277358437995854 0.24966310150332832185 0.15856887193681171166
-0.38321793118367208919 0.23465565244456301763 0.14324762839883811716
-0.32122001969166924518 0.1731175958514948876 0.081479261175961187336
-0.2584296934947341029 0.11079300210284026562 0.01854352360586084339
-0.32247359622479720986 0.17436187427608909606 0.082731892786038832566
-0.3856933304252173067 0.23711269099554899142 0.14570606535847663299
-0.42189551677247261185 0.29915056114188637304 0.18154210699434394916
-0.42246327123283444749 0.36107388565869819042 0.18171315752686803546
-0.38728079430435780051 0.59339806788447202468 0.21584325585956409821
-0.12875140971240492394 0.63172658695751071622 0.19123104811693233951
-0.041769534704064123498 0.63119606669968608692 0.19301349073722798289
0.045187246050677844222 0.63066569949684947449 0.19403202602445832059
0.13213261801064440926 0.6301354018785887412 0.19428705463886181137
0.21908025945421591429 0.62960509041828216503 0.19377867688500183263
0.30604385008801543444 0.62907468168060010072 0.19250669280803894834
0.3930370796575443082 0.62854409216898288193 0.19047060200179966039
0.48245049060039874034 0.55098510638415942875 0.11137545727364757397
0.57370210071798066753 0.46302880517225436519 0.021165408964661978908
0.5052019316153999462 0.52905527307665134451 0.088956250502645758949
0.43763252228365401297 0.59418459312081761681 0.15539605307167719817
0.43372523587016020841 0.65950646358853037832 0.1583804354879810028
0.50215607225974445704 0.72650050113593367396 0.089300915193526023139
0.57156743399913478854 0.7944544765646601725 0.018795630813668008641
0.48215652025141803039 0.70692086702845113866 0.10953459215614369526
0.39462610258205038649 0.62853440039294861119 0.19042631013184052602
0.31052427285259626144 0.62904735466517225362 0.192420480522574322
0.22645080317204424603 0.62956013596365423268 0.19370048366060529932
0.14239332364216600313 0.63007281973493389771 0.19426679018300452295
0.058339473771332965579 0.63058548136818082241 0.19411960826426991056
-0.025723104797243153546 0.63109819623954144241 0.19325888380307473802
-0.1098067755545340668 0.63161103975647758801 0.19168430037373831998
-0.19392391440118239565 0.63212408740214087732 0.18939527894233590399
-0.27792243498150176473 0.62783708866051346487 0.19114608917333184013
-0.36117357212932893473 0.60667268841740085161 0.20890797079921247237
-0.44781754163827203197 0.65732785257832671011 0.15477485247951705549
-0.53759638585846947212 0.74444586490936937029 0.063714026072083457253
-0.45589481275784515812 0.66516573255003075271 0.14661181804741679757
-0.3898097714854185103 0.58740990832121553478 0.21342643053981946721
-0.41384499669944763145 0.51128784364384760597 0.19041654695502671646
-0.42296032006620398747 0.43481803595676243868 0.18158962889504751126
-0.42243776641450958564 0.3582921494467964374 0.18171377000418903469
-0.42173612890207323733 0.28176659058453062956 0.18142456335492782027
-0.48922200494255874137 0.20354865806204056056 0.11301834194432264225
-0.566910894533081966 0.12391671510848556448 0.033884543926464789909
-0.49195925186865407941 -0.1737977309364557299 0.10867036521538796234
-0.41483290038682057999 -0.24967978732430484712 0.1855719875988259826
-0.41594866748169101456 -0.32470503037979431271 0.18444133092392581141
-0.49572062579757725231 -0.40068177559955436839 0.10486761040836538317
-0.57681487297385058977 -0.47791790075649259739 0.023397584829353994251
-0.48570300849709846513 -0.39114075425050248702 0.11489154471586550399
-0.39625716461609244989 -0.30595036611181508635 0.20399561269529709051
-0.31122119676268117372 -0.28834689951829539645 0.22533368688911303845
-0.22719213739445764944 -0.28974106674665600636 0.22712272528356386436
-0.14318793977964552888 -0.29113482148150532369 0.22819613911722821942
-0.059196174909485976823 -0.29252836993860470427 0.22855432533056399547
0.02482236059614220669 -0.29057385950832204102 0.23151210051405202162
0.10878737740797110589 -0.27469313681939455662 0.24754159412018253428
0.19234614641482222774 -0.24424480569583401079 0.27728010053032503546
0.27513990359520412721 -0.1994949972259471016 0.32047246807220108877
0.36049990708711615595 -0.28013921094822419322 0.23878631121787352587
0.44744695406385831538 -0.36538424575305983311 0.15179095247968898974
0.53598068094355444391 -0.45218490076875367256 0.062480684619512505407
0.44716718585567349908 -0.36510995408389629313 0.15207202169094044542
0.35995032828774731204 -0.27960039030382932701 0.23933390300362866743
0.27765416282558996741 -0.19559504489891779699 0.32099557370883818885
0.29116422262547153599 -0.11198336087847254872 0.30709376798123311225
0.29976433517784556448 -0.028217966374014049474 0.29733726920275105332
0.38278682375476880129 0.057803015548536493262 0.21315595292485484125
0.46728415469893991308 0.14535210618941377114 0.12675199674799825234
0.55330889608989963779 0.2344837722105702349 0.038052353455311133112
0.47691769596305827461 0.15533357859689317371 0.11685535464908619607
0.40173327527571039974 0.077433749241485022585 0.19384511012623267812
0.32771866209562477978 0.00074597691014088862715 0.26907300753697638296
0.25316591234698959667 0.0052489921264938232959 0.2633556886715739398
0.1765090337577729096 0.080182930965956217273 0.18731709685181585634
0.09862820447201600671 0.1563133109901495843 0.10949112055674042887
0.019484531733483249211 0.23367815080185166954 0.029825219510285733843
0.092442662372481623767 0.16235982686590366697 0.10328557072288957475
0.16432635713062621052 0.092091789793505129946 0.17518077949531760118
0.23516616666869963326 0.022844175580424262023 0.24555212271984608319
0.17461561790043048092 -0.25193346069420718969 0.26981398702120956701
-0.10774074045442448566 -0.29172294330516856942 0.22843451699199687766
-0.18367438234565372501 -0.29046309110819290566 0.22776807545783642195
-0.25962307907207621271 -0.28920298912908271038 0.2265170029529118001
-0.33559601687673679127 -0.2879424849543849585 0.22468092135319273073
-0.41227424767372800041 -0.25219716077347636984 0.1881133741854977004
-0.49065942306157828146 -0.17507658934137293461 0.10997111142022134023
-0.57032106339060573141 -0.096700146436254810767 0.029959964064293707897
