22
d 8.830836725784683594 -4.0158868224197101782 10.000000000000001776 156.13860573757557404 157.81499635806341075 1
d -0.41986835087470314454 -0.24356818001119040495 0.0097080945953056264203 157.8149963580634676 276.32638639691322169 1
d -1.520719073890754558 9.6858859862977286781 9.9999999999999982236 -83.673613603084376678 -81.635509705838884997 1
d -0.067385585681350390619 -0.19845458343512153987 0.0093860685932984928154 -81.635509705838870786 45.197204344598510772 1
d -7.1074598305690175337 -7.2871583685348353399 10 45.197204344596826786 47.058697563645949913 1
d -0.30327917618124511367 0.024435271289054275035 0.012193637667079636547 47.058697563645857542 156.13860573757037287 1
d 6.2234855285891201859 7.8344410390010148504 10 -130.25850908961626828 -128.65012367217769906 1
d -0.012516615159047971007 0.036736764912686042939 0.015416148733731982468 -128.65012367217769906 -38.14162666435137794 1
d -7.8652572615408455903 6.2032900180379941801 10 -38.141626664349161047 -36.497909838581243491 1
d 0.16105295667305286056 0.26458599079080646899 0.015518979824399391221 -36.497909838581207964 51.972766720436844423 1
d -5.989746348448876212 -7.6003697719810601185 10 51.972766720437697074 53.531773461391381375 1
d -0.055008349690908744933 0.42927712704811510358 0.015194321520794383529 53.531773461391381375 140.18052735444393875 1
d 7.6139807136710055957 -5.9647006007068030797 10 140.18052735444248924 141.76668624159017895 1
d -0.22912607351923025556 0.21460340449227943704 0.015105305315485446221 141.76668624159015053 229.74149091038518122 1
d 10.248311654283723371 -0.12125000357627929715 10 178.99188301039083626 181.0002257621208912 1
d 0.25925917467052811416 -0.29564893496105087989 0.0094252203522008637382 -178.99977423787908037 -90.434376491784391305 1
d 0.33499999344348968533 9.6946387363778612212 10 -90.434376491781989671 -89.559049869290163315 1
d 0.41189694546961808097 -0.29693064158525145357 0.0081347198893294923178 -89.559049869290120682 -0.2023361392778044443 1
d -9.5799060303761773838 -0.26164512387336186228 10 -0.20233613927784521724 1.7780970845079984155 1
d 0.40578597964050139302 0.048346855282415113209 0.0094975128349097711483 1.7780970845080139586 87.842163517995317079 1
d 0.029619094652604815998 -9.9350713179030769595 10 87.842163517994706012 88.692455957838930658 1
d 0.25763139969843540378 0.054553765315236833755 0.0077730753091466483345 88.69245595783880276 178.99188301039191629 1
