46
-0.28533901205513223509 -0.062972836561610123773 0.063056455360604599103
-0.28534773098769450339 -0.14193916291923019957 0.093886857830448991469
-0.35232025280702472525 -0.19253625034259744253 0.0521926859417183725
-0.41986835087470320005 -0.24356818001119043271 0.0096110136493525333973
-0.35416230744883159254 -0.19392790466915207914 0.051038490124704238848
-0.28900112430761215609 -0.14469926596116944317 0.091625998534655916927
-0.21731687045553854665 -0.1491041427105256334 0.078227605590139762115
-0.14261338616938398771 -0.1736930727576270761 0.044129867658670010599
-0.067385585681350404497 -0.19845458343512153987 0.0092922079073655180353
-0.13611550228717397837 -0.17583187543544862019 0.041140473115075293364
-0.20440709045883301287 -0.1533534448722098098 0.072370684841349772198
-0.271532044463290545 -0.13024317499746304594 0.10193324971552918112
-0.28733315154111049861 -0.053256985690103494924 0.057415362937923319908
-0.30327917618124577981 0.024435271289057577948 0.012071701290405504117
-0.12946034997720129445 0.22464639936263530728 0.086063747549002381221
-0.034899823571593407978 0.23006727943245011692 0.14993799351630987537
-0.02378498309893517515 0.13406505366665422141 0.08330361086770655954
-0.012516615159047969272 0.036736764912686036 0.015261987246394655843
-0.024030776475468626496 0.13618804511072915564 0.084782355286110860915
-0.035312725029354438688 0.23420034186003593768 0.15274420396904064834
0.06007958581683617294 0.25086668287875163452 0.087391489430371588343
0.16105295667305294383 0.26458599079080646899 0.01536379002615533354
0.065247378030725985965 0.25156883367362725679 0.083717470158383877621
-0.029246624192872730519 0.23872988117204121949 0.15068425825401540741
-0.043275426692859116085 0.33169536362710444477 0.085600472702474089681
-0.055008349690908855956 0.42927712704811599176 0.015042378305585541592
-0.043072564623279116502 0.33000817634358287078 0.086816397979113363315
-0.034731172765156276272 0.23494015060698558717 0.15273032990181747981
-0.13082788517194582356 0.22450859723309904425 0.085091332514756645722
-0.22912607351923189314 0.21460340449227927051 0.014954252262328961848
0.3256000267814024296 -0.016218921655037112084 0.075965190254994249819
0.33345486116018330236 -0.085813328565323643282 0.084229081194856961212
0.3339470040229943204 -0.15531941820083480787 0.084721044249445071062
0.32933732647686159156 -0.22487525589069293219 0.079679547518446747212
0.25925917467052816967 -0.29564893496105082438 0.0093309681486789097099
0.31026375682963336367 -0.24413813115415061716 0.060580426485420245386
0.36088170895694832163 -0.24612742193967432347 0.058608147514607640549
0.41189694546962019039 -0.29693064158525350749 0.0080533726904332882807
0.34276964636386847429 -0.2280906322068233516 0.076494913640300449265
0.33397718591494451879 -0.15958205298801642069 0.084735515509881564888
0.33349188552599540181 -0.091042336406883708766 0.08428287207410517512
0.33451158578954920397 -0.022456711596984691576 0.081870580513062118921
0.40578597964050144853 0.048346855282415147903 0.0094025377065606267207
0.35467714633270824853 -0.0024243614438015509416 0.061415150211936525571
0.30568992892391000371 0.0045125714424454690943 0.056017102148401970441
0.25763139969843568133 0.05455376531523654926 0.007695344556055575512
