356
-0.87508958093912070364 0.76794832599127305084 0.03557679609812492566
-0.87505649070476543283 0.68340212300807912094 0.036109066290809892219
-0.87502516133177155044 0.59885750351939326386 0.036497957333140013114
-0.8749955925958938785 0.51431397441088955169 0.036743474874953614695
-0.8749677842984563414 0.42977104259382653551 0.036845622483100352873
-0.87494173626637838925 0.34522821499321520999 0.036804401641556488967
-0.87491744835213436371 0.26068499853651916354 0.036619811751469798222
-0.87489492043378469521 0.17614090014220010194 0.036291850131161741688
-0.87487415241494692619 0.091595426708218810607 0.035820512016010733203
-0.87485818929554026724 -0.039984184653162196943 0.034996385888353132021
-0.87486132672205429994 -0.17121832324814867388 0.035713976663872062933
-0.87489206797894880641 -0.25541879654659932486 0.036099272429290688025
-0.87492455474648711533 -0.33961819294348788434 0.036342360711725411881
-0.87495878718687780662 -0.42381699952274876075 0.036443245013977637603
-0.87499476548744992144 -0.50801570335477230778 0.036401926789742557189
-0.8750324898607185764 -0.59221479150756128895 0.036218405443648037101
-0.87507196054433511456 -0.67641475105801918133 0.035892678331231532562
-0.87511317780113107023 -0.76061606910310741725 0.035424740758860241707
-0.86975277436263020991 -0.84477788625434213632 0.040164076471850801431
-0.78739991314389623511 -0.84537949618578989153 0.040176102807668485906
-0.70504372623201061465 -0.8453501954283372255 0.040678339802888145715
-0.62268899364675944774 -0.8453225657359511036 0.041044516783065712606
-0.54033525952466865405 -0.84529660691859398458 0.041274638796965398835
-0.45798206802432489537 -0.84527231880926345653 0.041368709017416446794
-0.37562896331630490909 -0.845249701263987685 0.041326728741404493428
-0.29327548957309551581 -0.84522875416182785546 0.041148697390123722961
-0.21092119095906872173 -0.84520947740488450162 0.040834612508976145251
-0.12856561162035687329 -0.84519187091827718827 0.040384469767446438959
-0.0025034908016468462692 -0.84510617467734649999 0.039687870693048368786
0.12156883964422668387 -0.84508434917322861057 0.040456458182318556782
0.20193387603374987616 -0.84511393254907696271 0.040874273429242748146
0.28229775749499474991 -0.84514510627287464661 0.041162528413815673012
0.36266090762068559084 -0.84517787048112547055 0.041321226920618209233
0.44302374998823468299 -0.84521222533120365927 0.041350371033227084627
0.52338670816854193646 -0.84524817100137683568 0.041249961134266738272
0.60375020573494853071 -0.8452857076907892564 0.041019995905456005381
0.68411466627216943603 -0.84532483561948179585 0.040660472327529659231
0.76448051338519262821 -0.84536555502839927367 0.040171385680161521281
0.84482329426121416383 -0.84231902859076390744 0.042610777924406491313
0.85261683168612545369 -0.76095866424151370477 0.035486483927982169495
0.85259934763483713471 -0.67953639967565004909 0.035963989892922182401
0.85258349643915765093 -0.5981154962280029741 0.036308517223988666378
0.85256927797922765766 -0.51669551345383890606 0.036520070563432441291
0.85255669215718321574 -0.43527601092830114915 0.036598652761736932826
0.85254573889716722679 -0.35385654823690243509 0.036544264877717509699
0.85253641814531877507 -0.27243668496601741724 0.036356906178551064157
0.85252872986976235836 -0.19101598069337474839 0.036036574139761579083
0.85252267406063364508 -0.10959399497855014383 0.035583264445119895669
0.85218031482863776382 0.014996467556154987819 0.035155405666760827788
0.85215094924383194552 0.14646810637604010252 0.035969131148470848136
0.85219817399404629299 0.2347679393269728465 0.036384946079627236704
0.85224731815765253362 0.32306655842629672382 0.03664436862209633633
0.85229838201710239609 0.41136452542560530965 0.036747402886942934219
0.85235136588524751389 0.4996624020599464977 0.036694050506937372913
0.85240627010537650676 0.58796075006208492475 0.036484310636622281632
0.85246309505120720917 0.67626013117676364583 0.036118179952248107012
0.85252184112690587714 0.7645611071749669474 0.035595652651685794066
0.84529354331866035643 0.85280619671092561251 0.042133025036776669547
0.76295170451700167202 0.86256837393613983167 0.033075082643358955092
0.68053083125361613082 0.86253491991988406884 0.033580542039535032917
0.5981114236436984033 0.86250313918489873721 0.033949747360965246146
0.51569302488090629222 0.86247303151759613371 0.034182703704697017799
0.43327517818128347127 0.86244459672747564305 0.034279414286742374007
0.3508574267730661389 0.86241783464713850371 0.034239880442207701328
0.26843931388660302595 0.86239274513226948926 0.03406410162532420155
0.18602038274427429299 0.86236932806166066712 0.033752075409432084896
0.10360017655029975236 0.86234758333717298484 0.033303797486893139956
-0.022496322547966938338 0.86230483795618739773 0.032561308487517669208
-0.14630940537942929702 0.86231033930953804312 0.033298156645019540145
-0.22644609614901206607 0.86233581715756346675 0.033717309920132172707
-0.30658162992975468431 0.86236287592000038238 0.034007656985181149156
-0.38671642659141303167 0.86239151571077821146 0.034169201629477265192
-0.46685090598833511866 0.8624217366644566507 0.034201945961307003707
-0.54698548796823953655 0.86245353893623033503 0.034105890408010111625
-0.62712059238099471248 0.86248692270194171616 0.033881033715990729882
-0.70725663908739788699 0.8625218881580507535 0.033527372950661923912
-0.78739404796795398056 0.86255843552169464417 0.033044903496383656871
-0.86745160011264244027 0.85243133868871590053 0.042497517679515581235
-0.69270109145269542772 0.46455457066251265585 0.024563262214268164613
-0.7149727983928532149 0.44250227409410380908 0.0025042535327224526437
-0.63778759000544393842 0.4650000035762790751 0.025483645897828522547
-0.56084903097867344623 0.46500000357627890857 0.025954306956275440682
-0.48391267097328538593 0.46500000357627901959 0.026190310292888565463
-0.40697704958593639013 0.46500000357627901959 0.026191667107029914519
-0.33004070646934174915 0.4650000035762800743 0.025958377463086622361
-0.25310218122143468555 0.46500000357627779835 0.0254904302904749476
-0.17592742084461673868 0.44339365371399580562 0.0033962776447335378885
-0.19721388631833894345 0.46552959220149053854 0.024479117495546057204
-0.17485581131554850387 0.48766740597504143473 0.0023344543793085642883
-0.25206705947728463846 0.46500000357627835346 0.025482534896339642527
-0.32902966692057145082 0.46500000357627918612 0.025953749726515158713
-0.40599007166434442073 0.46500000357627979675 0.026190160123822706084
-0.48294973548168140809 0.46500000357627779835 0.026191777313955992568
-0.55991012008937457445 0.46500000357627929715 0.025958601373709446619
-0.63687268725896084565 0.4650000035762785755 0.025490621230972333039
-0.71407147902692225117 0.48660529306659711102 0.0033973387646707184188
-0.56609079285156116423 0.223615488409384916 0.033594355681988805062
-0.59646494329455190808 0.19350445537324381662 0.0035043409742845422518
-0.51372527320219918412 0.22499999403953543919 0.035364523031339217818
-0.43130293855342094478 0.22499999403953593879 0.035773146834745216116
-0.34888243093478754631 0.22499999403953641064 0.035912364635527868617
-0.26646195345464607218 0.22499999403953699351 0.03578218402157827549
-0.18403970922398291132 0.22499999403953510613 0.035382597897568660028
-0.10133097876055498221 0.19627613517768910389 0.0062755848220707090984
-0.12875331723072305778 0.22653906163773324112 0.033439993281225065258
-0.098218535712963531137 0.2568093342749289687 0.0031905696361283529885
-0.18101326238254705769 0.22499999403953524491 0.035362797968744551225
-0.26348711889127729435 0.22499999403953446775 0.035772448162345434064
-0.34595914150195933301 0.22499999403953588328 0.035912355450923610922
-0.428431130477724742 0.22499999403953555022 0.035782527469484952387
-0.51090488607879047667 0.22499999403953699351 0.035382957133071331335
-0.5936650880306355571 0.25371993131060416315 0.0062795055809713165237
-0.55383983262283420501 -0.073981308891086047796 0.030867879342335736992
-0.58185717285403859567 -0.10187145846619778677 0.0031150534313872935144
-0.51096330560068781157 -0.073749998584389520051 0.031253961656263061497
-0.4402301692822098711 -0.073749998584390893952 0.031353795582669999331
-0.36949703665841160394 -0.073749998584391462941 0.031255252817047232683
-0.29860630906710561305 -0.1014100462057486024 0.0035744441592956283094
-0.32607131052184867848 -0.073430269220660732143 0.030779944314658143345
-0.297962494511494147 -0.045449059140092076814 0.0029363579293922772301
-0.3689017960804865659 -0.073749998584389353518 0.03125358182946146729
-0.43967914158119136836 -0.073749998584387951861 0.03135379459234281796
-0.51045648192569281765 -0.073749998584389936385 0.031255382613964419192
-0.58139140273655309787 -0.04609219435786542779 0.0035766777048511100984
-0.47466877840993820792 -0.1896890388794207627 0.025091535343093471916
-0.49737041007667365244 -0.21237251648570065754 0.0026058874422406927245
-0.4546833925559356504 -0.18874999880790777063 0.02602984092714786396
-0.41200126994902208644 -0.21050233201556725615 0.0044605315381910102049
-0.43272451217154750402 -0.1877043358424978492 0.024985890004803168463
-0.40990452997494164489 -0.16490260234900791514 0.0023828679881151603251
-0.45269876930566077533 -0.18874999880790699347 0.026029836291804376441
-0.49548747771412410268 -0.1670089077476830941 0.0044716798504335830353
-0.56581030133539023108 -0.30348326644016471176 0.026437727949268040317
-0.58972927469527525179 -0.32724726786718205673 0.0027458360870151131937
-0.51511769781569738402 -0.30250000953674216486 0.027688392788799698341
-0.44069348380072437266 -0.30250000953674238691 0.027910877993870875091
-0.36626994827663039711 -0.30250000953674305304 0.027913774579960463906
-0.29184576914172938311 -0.30250000953674227588 0.027697082675709493171
-0.21725078841306372235 -0.32528001115957544398 0.0047079716457272564184
-0.23907261868859860932 -0.30140045372591650619 0.02632183639513387477
-0.21503316879167047593 -0.27751675633389533138 0.0025104452783355191668
-0.2896932730165097114 -0.30250000953674249793 0.027687548231615049382
-0.36416400522255421013 -0.30250000953674299753 0.02791066183987764987
-0.43863405555493789612 -0.30250000953674205384 0.027913912246979154935
-0.51310474859580956775 -0.30250000953674260895 0.027697299597455211917
-0.58774622026327993929 -0.27972295735364571811 0.0047109132926462784705
-0.58125001192092873303 -0.41101061172183889214 0.021120848610213144997
-0.5812500119209290661 -0.45500872291272154158 0.021122139618473031314
-0.59906006092658914408 -0.49905349493327166854 0.003414697218094082682
-0.58050843317857658832 -0.4819525636818765002 0.020350889643987533917
-0.56195464057870592178 -0.50054164207076046189 0.0019403405928388531287
-0.58125001192092817792 -0.45647475948011412283 0.021120861796603232485
-0.58125001192092873303 -0.41245957301677654838 0.021122112879799846002
-0.56339110651728596668 -0.36839756290571940012 0.0033662029006683706102
-0.58196597622724621779 -0.38557310662050531258 0.020376296902128828575
-0.60054294015718312494 -0.36696081283408782392 0.0019427657336867154916
-0.0025513497217988304056 0.43902155268133163935 0.030156739269303005357
-0.0026006616109162626616 0.37108893242027218839 0.030407713613119773111
-0.0026499728637246131036 0.30315718874224928392 0.030475717032654191241
-0.0026992842102140403304 0.2352253160094479878 0.030360752044658628757
-0.002747608023240588615 0.16729231358200294388 0.030063792880476041675
-0.0022888813490241147197 0.077493958132684601092 0.0300037434609693697
-0.0023913904467880893467 -0.012513503306350469771 0.030453135416028318666
-0.0025056643944360301735 -0.08065222762202943485 0.030616022701027988812
-0.0026199376870816477869 -0.14879056137530524695 0.030594824670956848739
-0.0027342120267130100297 -0.21692951942073993021 0.030389540536505506296
-0.0027676413703283560264 -0.28506967526149290526 0.030080203114221146232
-0.0021774274548220125258 -0.3749802896254098572 0.030108933563856160598
-0.0022210225351396717386 -0.46894267230131569946 0.030521989008663250043
-0.0022896859695599389162 -0.54113047183506735038 0.030636371345976652625
-0.0023583493424540191707 -0.61331820668273284713 0.030544139649345294213
-0.0024270138016580268536 -0.68550708360155243604 0.030245290064190966106
-0.027920810961475694967 -0.75789070753693754678 0.0045682102673391938169
-0.00159944748416458748 -0.73315360126356976522 0.029070726876400620337
0.024725675151902392485 -0.75970212031087946958 0.0027730309475025118927
-0.0024251754774889180966 -0.68357440170558181336 0.030255982782975646833
-0.0023530139304640609876 -0.60770893801818937074 0.030558709985255769204
-0.0022808534847165162773 -0.5318446321335209559 0.030633237274948457024
-0.0022086928079371702383 -0.45598008336129208784 0.030479568092078815345
-0.0021632673714849781632 -0.38011404212060428964 0.030124165202059838969
-0.0027846592572063066928 -0.28001590129600995027 0.030090164112591178541
-0.0026701509405171984513 -0.17873148057228926966 0.030527293590549769292
-0.0025409352175725929968 -0.10168334576828753912 0.030629120416433588264
-0.0024117193288169039289 -0.024635112095945467525 0.030495573507408522962
-0.0022825008134739546706 0.052414687746001248358 0.03012664650533688343
-0.0027205962592358537422 0.14997885087076948119 0.029997785380698856889
-0.0026976298401842069286 0.23750439501300904532 0.030367575324965489364
-0.0026489885726204594196 0.30451315938346201762 0.030476149274966855829
-0.0026003473820300840313 0.37152181771404918509 0.030406693588552729385
-0.0025517055677813753334 0.43853133520193737782 0.030159205764611660139
0.023249315299059283846 0.50572372472090509898 0.0042381928998587769034
-0.003228433828359798894 0.48050953278105856814 0.029213362592369743198
-0.029709249938370308614 0.50718837237941793994 0.00278666145607069397
0.24496286123245702981 0.41313871801490592572 0.034948978316776534159
0.24492734059736642749 0.34219800440961462007 0.035030332302737110517
0.24489181990929290156 0.27125718498961010061 0.034912113501396738191
0.24517672037895277271 0.18495251246271013357 0.034880395366237500199
0.2451387010288641477 0.099289849319538048267 0.035383843252342742081
0.24508414297272174132 0.028993751683834220051 0.035602726488388733439
0.24502958545036113147 -0.041301658193790204143 0.035625644386274399333
0.24497502759658798532 -0.11159749508382676986 0.035452597854602085903
0.24492046854619012319 -0.18189487378377658389 0.035083580032715257213
0.24505406719824376904 -0.31596885782727451852 0.034950388600416083806
0.24503663896179367354 -0.37925457702625903211 0.035020692457194607661
0.24501921071249802009 -0.44254034287492211019 0.034932170444179781732
0.21650747342032811149 -0.50596773242717385521 0.006475109787415124149
0.24666028340352114112 -0.47901492512895571529 0.033174412684928503148
0.27682093395053536389 -0.50930706163076067128 0.0031652007028691283089
0.24501944350927934435 -0.44169500710241393904 0.034934399452758009563
0.24503801363381555456 -0.37426284376539392662 0.035020916879877815597
0.24505658376382594144 -0.30683066055193436439 0.034927114390482384698
0.24491411979462418547 -0.22493946911302600822 0.034787677217435968025
0.24495298747867724765 -0.13999539614746661642 0.035327118600854350017
0.24500769039921743708 -0.069512645933891309413 0.035579739042797993431
0.24506239263751675161 0.00096922524036994041428 0.035635352445763483764
0.24511709506567672112 0.071451341040847091146 0.035493961026312137452
0.24517179855580462089 0.14193482514867031274 0.035155559149038555222
0.24491377923021989682 0.23492719349538915274 0.034814047880430964987
0.2449129566084728149 0.31347074674510699843 0.035006504974672371377
0.24494101365702836137 0.36950541620806670595 0.035022641822700963099
0.24496907081030327991 0.42554029480597915791 0.034914262635361445475
0.27423794281007268792 0.48171688342765373037 0.0057326221208008681582
0.24373019591547101514 0.45361259697159062032 0.033572763848304133794
0.21321634177567130863 0.48426867257024441837 0.0032032764022111451588
-0.71579007202653099906 0.86252570467680778066 0.033482124705549606847
-0.63365889405526887312 0.86248971628847725945 0.033857004268692217352
-0.55152875441589654937 0.8624553893474335986 0.034096586312298934884
-0.46939919557373405157 0.86242272363771066424 0.034200874185240190406
-0.38726976000707785674 0.86239171896657862426 0.034169869345256072279
-0.30513999019698323512 0.8623623751645187463 0.034003571358955674009
-0.22300942861704575737 0.86233469208522250948 0.033701977901840797502
-0.14087761772318285747 0.86230866960560692558 0.033265084758203340709
-0.017378487807449247843 0.86230739348385809784 0.03256175891194786759
0.10767753610925093199 0.86234861972952614462 0.03332917731470988465
0.19136578935870499074 0.86237079608754674265 0.033776443986098719785
0.27505274286782310789 0.86239469665092105544 0.03408323420346712207
0.35873888068997067391 0.86242032152501590936 0.034249552419239825962
0.44242468685952773821 0.86244767084021423109 0.03427540104716080005
0.52611064540323204675 0.86247674475193647492 0.03416078046236150495
0.6097972403513380879 0.86250754344062274814 0.033905689001380662217
0.69348495574890567372 0.86254006711175290611 0.033510122962115425349
0.83748594890072514119 0.84997109035977558289 0.045002952398443082926
0.85248031997405082638 0.7024519109484858026 0.03597950250166750269
0.85242363993881675732 0.61527014451834249886 0.03638777738643936277
0.85236883242490135704 0.52808956897696612831 0.036643595259150563148
0.85231589705848620486 0.44090963702977037375 0.036746960149334380319
0.85226483349523518562 0.35372980139842064018 0.03669787368515706194
0.85221564142030925559 0.26654951480695154853 0.036496335093425244511
0.85216832054833890897 0.17936822996812359921 0.03614234119959279512
0.85212287062343072819 0.092185399569540832365 0.035635886427625190764
0.85243147968971777484 -0.036591147652659528067 0.035150049059877147561
0.85252657756615946028 -0.16448845321233995787 0.035903488513949956273
0.85253421473943968856 -0.25078937245431009995 0.036284716402388401957
0.85254368592759999235 -0.33708920214833426598 0.03651655294557541731
0.85255499116248079083 -0.42338847316453187553 0.03659900172187932621
0.85256813050422397549 -0.50968771635924670083 0.036532064003882959435
0.85258310404128634374 -0.59598746258813872778 0.036315738758414893572
0.85259991189043238258 -0.68228824271927634992 0.035950022646522500347
0.84014261732380290937 -0.8282675342835497112 0.047355970005255841604
0.69624276633321635632 -0.8453308787108083644 0.040594964212333418951
0.61206633553260780811 -0.84528968286601569027 0.040988801900695891189
0.52789102282984656789 -0.84525023282285827175 0.041240498974389111497
0.44371633550713784899 -0.8452125283231095576 0.041350059130118424489
0.35954178086126081793 -0.84517656913419236808 0.041317483976997734785
0.27536686619220163141 -0.845142355049159133 0.041142773036599446235
0.19119109879145021469 -0.84510988588668833899 0.040825923742930744775
0.10701398593054628483 -0.84507916149109441051 0.040366931442350151293
-0.01737803759678692439 -0.84512811712170743395 0.039687784426095523704
-0.14011028837092587285 -0.84519423833461115869 0.040455770349581393619
-0.22262682306076533867 -0.84521211550593811079 0.04088755039070163938
-0.30514212213277419616 -0.84523166949679451321 0.041182740230087507005
-0.38765664972742785999 -0.84525290038640277235 0.041341344033909779854
-0.470170869967819538 -0.84527580827765802507 0.041363364040612991823
-0.55268524697011556235 -0.8453003932971073775 0.041248800560961994266
-0.63520024485398851599 -0.84532665559497999208 0.04099765197808617756
-0.71771632775317051323 -0.84535459534517143343 0.040609914747406786195
-0.86219061466693391882 -0.82775126471609394851 0.047776523114727541264
-0.87507333133390885482 -0.67927358332542420172 0.035879122887931977348
-0.87503271725403986014 -0.59271077821680606679 0.036216903086137799961
-0.87499394887634418527 -0.50614890844120719038 0.036404384322616133163
-0.87495702593939228553 -0.41958743828268885157 0.036441569508706084246
-0.87492194821041469055 -0.33302583203523433708 0.036328459221849962457
-0.87488871548528823752 -0.24646355398945787862 0.036065051705592265918
-0.87485732758855361269 -0.15990006841931245218 0.035651342869536861713
-0.87485918936262851986 -0.036591214351590399534 0.034997872548922524805
-0.87487323193547672506 0.087674326558660586883 0.035795173182366329945
-0.87489467801861198204 0.17519373176828303973 0.036287363800844046891
-0.87491800998160162983 0.26271163949741799248 0.036625913872521412284
-0.8749432279323536843 0.35022860342403278056 0.036810828771456284569
-0.87497033200874219094 0.43774517720216271632 0.03684211143290478524
-0.87499932237855304606 0.52526191447595349526 0.036719762353426235735
-0.8750301992395371764 0.61277936889370365758 0.036443779590915582889
-0.87506296281937823167 0.70029809412190513473 0.03601415876452047915
-0.85972991564056877589 0.84965155001536241119 0.045310224503818566366
0.48685314701547183214 0.47314184714996349035 0.066267778975691762899
0.48768677323726494777 0.41519185947757381028 0.067093547732751487866
0.42964098843027426211 0.35714172106985864197 0.0095620315962468213633
0.48519609476933395209 0.41270099420159178649 0.064626304644369775287
0.54065952662436123077 0.41184531459474432724 0.06377871154597110348
0.59621654013576086406 0.35628413414762244438 0.0087116073217447433791
0.53801543650549865649 0.4144896030279737742 0.06639796358786588526
0.53759797420358368392 0.47259292124062785012 0.06681149167224850749
0.59579810296139656955 0.53079741517540934836 0.0091265826040076835496
0.54010328476826607869 0.47509841971080796208 0.06432973967237426427
0.48450112284421414932 0.47549404772980996547 0.063937849950142719435
0.42880542064793580881 0.53119392726385672443 0.0087333805901659809778
-0.76757428213263600991 -0.56774811680128134395 0.032111928756004819163
-0.79673057233798727506 -0.59674811055595367026 0.0032387325475503425491
-0.71153823540745286813 -0.56750002503395124975 0.032624889378297348974
-0.62652145224177124838 -0.56750002503394791908 0.032911716801751957073
-0.54150540886367992677 -0.56750002503394980646 0.033055337925125702347
-0.45648961303490964703 -0.56750002503395136078 0.033055754827322113287
-0.37147357252285834184 -0.56750002503394936237 0.032912967514362574672
-0.28645679508931254365 -0.56750002503395013953 0.032626973919436183524
-0.20126770537578991815 -0.59625252112359217183 0.0037322948790547674953
-0.22983224553844522342 -0.56715894481675843686 0.032019373495150126041
-0.20058106968388833558 -0.53806457406093355367 0.0030521322087666549402
-0.28580120474958525811 -0.56750002503395224895 0.032624212132000625364
-0.37084455738218896625 -0.56750002503394980646 0.032911377375713035676
-0.45588716898837206015 -0.56750002503395235998 0.033055246796398742026
-0.54092953226806050893 -0.56750002503395180486 0.033055822477852520036
-0.62597213991544764511 -0.56750002503395113873 0.032913104428409778457
-0.71101548463035613157 -0.5675000250339494734 0.032627090580953622967
-0.79623113459211380949 -0.53874869995057250716 0.0037334610898181446598
0.34789996227717545629 0.027616128607731136452 0.035071955611521030138
0.3161591178603964658 -0.0038702204626298473619 0.0036274732753033061758
0.39393472732895257193 0.02874999889172624723 0.036521394218458236303
0.47140215503181193135 0.028749998891725192518 0.036881868011906321358
0.54886806887443662095 0.028749998891725095373 0.037004342391263177203
0.62633396091511628345 0.028749998891726073758 0.036888823253922391199
0.70380132321044441834 0.028749998891725345174 0.036535305037406450024
0.78155283669387876078 -0.0016004967167791593272 0.0058954905524068040856
0.7522465026794065146 0.030029136138253250538 0.034926971957782951272
0.78413825255257052493 0.061665180718087193867 0.0033327176254371163912
0.70631106347018612901 0.028749998891726018246 0.036519871890864537278
0.62879521207376964931 0.028749998891724838634 0.036881252096991751221
0.55128088023635757331 0.028749998891725705996 0.03700433526590355543
0.47376657310013470248 0.02874999889172655948 0.03688912733171877123
0.39625079580921329647 0.028749998891726108452 0.036535622739999600028
0.31845090325404706855 0.059096808189583821536 0.0058991739259918974866
0.5250000059604662539 -0.35369166948235236658 0.025426925551559585725
0.52500000596046458856 -0.43478904782516564209 0.025819160237208246822
0.52500000596046481061 -0.515884708218173893 0.025950685707092448207
0.52500000596046558776 -0.59698036090754957872 0.025821508895636481606
0.52500000596046358936 -0.67807771613881506756 0.025431622992245956488
0.5030809013877239888 -0.75939169885385293668 0.0030800673026592766818
0.52536568306108932802 -0.73764667103665204628 0.024617156230701424391
0.54765177189030844751 -0.76013087324323824756 0.0023476383011340174432
0.5250000059604652547 -0.6788064982851897966 0.025426937350589474268
0.52500000596046492163 -0.59770655662528582308 0.025819174427185516418
0.52500000596046458856 -0.51660833293111363407 0.02595068580688600357
0.52500000596046347834 -0.43551011679432150014 0.025821478423815071718
0.5250000059604652547 -0.35441019780719568155 0.025431545465334763623
0.54693378478137166798 -0.27309349525837428585 0.0030653979165319168547
0.52464201942956245617 -0.29486108670670763132 0.024624837687102038575
0.50234897378600618101 -0.27236986584281586143 0.0023483718344345923083

Metadata: 
LoopIdx: 0 78 96 112 124 132 146 156 193 224 294 306 324 340 