68
d 0.44828488778236325052 -0.50479651980622153307 0.049268666710613862048 -176.87336701802388461 -7.0353834902092806658 1
d 0.482158103342751998 -0.50897686337824366021 0.015138474727844295972 -7.0353834902090941483 45.754140151521404789 1
d 0.56374999880790710449 -0.42520833044416345148 0.10179913477194353633 -134.24585984847874442 -305.41090729947893578 0
d 0.57655135281607750031 -0.40720233575603248521 0.079706364254158765248 54.589092700521057111 36.263997457871909091 0
d 0.47598120745398975195 -0.48098120268561811441 0.20443677491477096897 36.263997457871894881 -64.233532422489687974 0
d 0.51958696382017310889 -0.57131892989963140028 0.10412542487669984581 -64.233532422489673763 -83.32199092640448157 0
d 0.49319879569653574114 -0.34594066470543305414 0.33104324665116457993 -83.32199092640448157 -141.07231377820437501 0
d 0.29833007073863476721 -0.50333543642128730777 0.080549865241188109422 -141.07231377820434659 -165.8823888542731595 0
d 0.52846201614532639645 -0.44545508219997953514 0.31784893329973012976 -165.88238885427318792 -233.88217278351294226 0
d 0.050450559561219743276 0.20963399836724949665 0.49309906509725509594 -53.882172783512935155 -49.279087176917535373 1
d 0.57961896232581588961 -0.40512700818705404959 0.31804228735871126199 130.72091282308247173 8.2695122710093205143 0
d 2.3364054388914059501 -0.14979420442492916155 1.4572023619560721119 -171.73048772899068126 -168.78538376119351483 1
d 0.51046626810731132728 -0.51182398262988959559 0.40428076064021939429 11.214616238806506487 -113.95776069303872191 0
d 0.45986965307146193682 -0.62569168476152858815 0.279677907375032897 -113.95776069303872191 -125.27749023523675476 0
d 0.27621795126032211432 -0.88528847827635559486 0.038313354739679228445 54.722509764763238138 244.95702948068995397 1
d 0.4926109239468348111 -0.48366057010961355234 0.49446937116222783315 -118.06191131677994122 -15.103353453912387039 1
d 0.5059781977699651101 -0.48309789268940828144 0.48172727549720456564 -15.582231796480018104 78.035139766159659303 1
d 0.55055671709094011756 -0.27273814216281017098 0.26669595446126076466 78.035139766159659303 96.550689013001687044 1
d 0.56911199120488309422 -0.43432458631678039218 0.42934427794406748724 96.550689013001687044 190.13435795153731078 1
d 0.4307805679993630954 -0.45905075863126770797 0.28882037875467553301 -169.86564204846268922 -157.45606384864439065 1
d 0.44580294358480798689 -0.4528147865645121839 0.30508565206463084118 -157.45606384864439065 -46.060856106984473968 1
d 0.49027075237638489957 -0.48028882635606101603 0.25477592429914164285 -48.975790573126197103 66.288020101246161175 1
d 0.54772443342896903751 -0.34948000710678833736 0.11190579915087647822 66.288020101246132754 97.028818178937413563 1
d 0.55555062361468454668 -0.41295525613051331515 0.17586169404295717844 97.028818178937427774 202.270260028272304 1
d 0.31327927387801302039 -0.51217110324682568745 0.085938212798577204299 22.270260028272300445 3.1266329819760252384 0
d -0.3938219777928424481 10.314998089214030941 10.000000000000001776 -91.254683091837705433 -90.066554748711055822 1
d -0.40543181911357534242 0.32030015718426424476 0.0052953249765523308784 -90.066554748711283196 1.4722266783785993294 1
d -10.396837206519059293 0.063512452143240472058 10 1.4722266783786526201 1.9054922184096172444 1
d -0.40642398288029174536 0.39588730296723129154 0.0040593528914623904641 1.9054922184096820814 90.784942354770663542 1
d -0.26948559368087832144 -9.5991153132445390384 10 90.784942354739285975 91.90667489436781068 1
d -0.60251785585925032862 0.40484445150579384531 0.0095015591384553493154 -88.093325105632445116 -182.70261357813936343 0
d -10.600886098016026438 0.87681262482468724784 10 -2.7026135781393354485 -1.6964944652274449588 1
d -0.59576646921084375208 0.58048028904658777183 0.0095070627843839468352 178.30350553477231301 89.948204270081646428 0
d -0.5867178157449003395 10.589983261812063731 10 -90.051795729923398426 -88.278375059292031324 1
d -0.28581997991097057854 0.57909952446120938063 0.015404770171065470738 91.721624940708053941 -1.4306895726875237251 0
d 9.7264625846238388363 0.3290384153747300533 9.9999999999999982236 178.56931042730749937 180.71250798337641186 1
d -0.29162268662848428447 0.20445098910783812696 0.018859941573520885155 0.71250798337639287272 -91.687796889768563346 0
d -0.58671170218243440253 -9.8100623291601039 10 88.312203110231635605 91.117480416784701447 1
d -0.78221628895508077406 0.21263440122538310173 0.024603323460189414212 -88.882519583215270131 -181.45684535931926007 0
d -10.803579236113650452 0.46750000119209350613 10 -1.4568453593193455564 1.4514246887150652476 1
d -0.7817086634795444855 0.72142974558121475415 0.025087036515691774063 -178.54857531128504888 -272.06770063540608362 0
d -0.42000000178813873264 10.739989369288226229 10 -92.067700635408499465 -87.993655925730635659 1
d -0.068691074352701525507 0.71165417215544390928 0.034486772553344903491 92.006344074269364341 -2.5555333500792651868 0
d 9.955816146994353133 0.26423964656560455788 10 177.44446664991761509 181.44680298088206882 1
d -0.075316280256172124519 0.010884898651632887029 0.034331387856769902955 1.4468029808820777049 -92.361920164846708303 0
d -0.48884722209687664352 -10.014921730316830306 10.000000000000001776 87.638079835154726993 91.79988022957944338 1
d -0.80278527583957037805 -0.024585696962614859984 0.0047325618108978537851 91.799880229579784441 179.78982908575815713 1
d 9.1924149167456334908 -0.0612499993294483569 10 179.78982908577211219 180.21401992579063744 1
d -0.80343507724711249463 -0.098588194952212618305 0.0040802702674152925913 -179.7859800742094194 -92.41347846479023076 1
d -0.38250000216066776249 9.8884646689220510041 10 -92.413478464775948851 -87.806659839700728298 1
d -0.0015361000880685796513 -0.058446787666870260447 0.045795811823914310545 -87.806659839700728298 -2.215598991614634361 1
d -9.9482988054389398513 0.32638136013854202044 10 -2.2155989916146703322 2.5226314399254059495 1
d -0.0053711656246194713904 0.76443389914406079111 0.047427464343063635566 2.5226314399253926268 87.723013431622717917 1
d -0.4007913783092090787 -9.1802804221883143043 10.000000000000001776 87.723013431622788971 92.57727328380545373 1
d -0.84828492180540726597 0.76131036248363903596 0.048342962031647111754 92.577273283805524784 178.07078533560579103 1
d 9.0977313224586993101 0.42628995985181095119 10.000000000000001776 178.07078533560817846 181.58458082788024512 1
d -0.86415895718784774271 0.15071213766993565852 0.034298766278671018182 -178.4154191721197833 -91.806492603104459249 1
d -0.54999998956918649817 10.111460363725024436 10 -91.806492603105226635 -88.198466882591716853 1
d -0.23670977122896638689 0.15089329730155526255 0.034507185009490397298 -88.198466882591716853 -0.41762597307274584857 1
d -10.201937860219063126 0.22353061574214175278 10 -0.41762597307274190728 2.1649437722493698466 1
d -0.23420877467392914317 0.60034456327136476173 0.025151035034415899355 2.1649437722492614888 88.882479610215256116 1
d -0.42874998599290908841 -9.3726071357480158497 10 88.882479610216265087 91.13489683807146946 1
d -0.62638277314820223207 0.60366847938800360929 0.021766996721496231076 91.134896838071611569 178.28655797147959561 1
d 9.3473886895811926223 0.30531185224343382334 10 178.28655797148448414 179.71159246218704197 1
d -0.64491433892827443319 0.35561014433714610572 0.0075703789445170513797 179.71159246218712724 222.61798304474709198 1
d -0.64608154491944658204 0.35453616710255819733 0.0059842525541429058417 -137.38201695525339119 -133.21782771387867683 1
d 6.1975595257241451463 7.6377310468511456776 10.000000000000001776 -133.2178277138592648 -132.95702543970531906 1
d -0.61265025430041775145 0.32368429739877613294 0.0062901232266632869927 -132.95702543970509169 -91.25468309184330451 1
