215
0.44542530155808113257 -0.50969782858484746768 0.043158215372279484789
0.45237662494549679693 -0.51305665516212517474 0.039650126475609150101
0.48215810334275183147 -0.50897686337824366021 0.01498708998056601932
0.42531492294554845701 -0.4534264370469358596 0.039087785173424413609
0.43012928783651366293 -0.36928102304058912919 0.042623212114398428829
0.4840050852409691351 -0.30267013651668556173 0.043958279307150460724
0.56669838903129809982 -0.28181175114109136004 0.041211474865294986381
0.65432530371047437079 -0.32826168325764576439 0.030799558715734649816
0.70318214324229932899 -0.41512589195079424575 0.031794781105383626563
0.71213055884713571952 -0.49722524231057591004 0.031947901628029726218
0.69146896161597271036 -0.57707814052524086801 0.031192200080176590848
0.64419283692500872718 -0.64418343190579641089 0.029635631065723911509
0.55760731357645643147 -0.7019964953256415674 0.031651058085808585207
0.46160984209537114786 -0.71653359303352170961 0.040484614251492447023
0.38695633488503872188 -0.70640772114054051212 0.044306971947305526238
0.3166940869697908445 -0.67828687330890058416 0.044812373780181678773
0.25556218319342943746 -0.63398895634083096695 0.04195362410527664343
0.19528392968971419741 -0.55476321637813075238 0.034270472770010322605
0.17532776810474484663 -0.44864565677091172713 0.034946730618361877829
0.18286786664981111161 -0.36514532440572328165 0.036584253357853709077
0.20909961511195002126 -0.28495640835109237177 0.039179664649590197067
0.25313848394507793005 -0.21211062752591886005 0.042625866594039552027
0.32717768784377754265 -0.13926637184356605026 0.047301864172999856517
0.42407006156344012604 -0.077755447825709034237 0.043960353110825842182
0.51642151820065418377 -0.050627529971134135889 0.041625845596199827214
0.61180513331208508099 -0.051348501041530547617 0.036825351098023248464
0.7020458435511253148 -0.077764829663444098862 0.031148924168223686426
0.78242948473297724288 -0.12403924276393905879 0.028287673349651775573
0.84945214723837403348 -0.18753618689471368564 0.028306628384245333813
0.90000409703327055588 -0.26531439059272177161 0.031205380351409080231
0.93870394756611330589 -0.3897639463249360503 0.03865991391280540479
0.95032714197238132847 -0.5218259575772117298 0.035336877581740887277
0.93486768856435453756 -0.61622295847030550409 0.032444955314569368099
0.90028161823305608014 -0.70479686967738885972 0.030377386842451812449
0.84807236993535817238 -0.78379378290657997219 0.028953540071785147103
0.78064536933476202929 -0.84992730523803305953 0.02822805785749544355
0.70094529968771090989 -0.90044792964800501878 0.028228321108918159876
0.61236237524969905355 -0.93320660997407678394 0.028954319946749976222
0.51863976731993965963 -0.94671345075493174015 0.030378653740131014022
0.42377611514509916368 -0.94019535705168688633 0.032446660079987948988
0.30355449218556657121 -0.90065914560381943321 0.036249367686169528535
0.2762179512603220588 -0.88528847827635559486 0.037930221192282377596
0.2762179512603220588 -0.88528847827635559486 0.037930221192282377596
0.35234587560585722832 -0.92142592588965044342 0.0344338447850558102
0.43255709685793886088 -0.94165528469554682367 0.032228662943575750455
0.51547114582578268394 -0.9468210402491107347 0.030437637066763612026
0.59818429090287794647 -0.93656472827715997465 0.029128998885742069663
0.67774368659721317965 -0.91112159939654024932 0.028353527393032356557
0.75128200040764525625 -0.87132763254474154824 0.028141683398705281266
0.81615225986739547981 -0.81859120289973075213 0.028501836274245330449
0.87005207581187038457 -0.75483025874605502725 0.029419769657200951773
0.91112722718339733685 -0.68237964334075185135 0.03085951926389288863
0.95023940333632517241 -0.52337483175912313804 0.035287602262684382437
0.94759339036723899685 -0.44273967022332549881 0.037889075632000668303
0.93335327063407569348 -0.36358318074072282222 0.037576134011226051956
0.90950146692143574167 -0.28606417916812326707 0.032342334010277314083
0.86998388437867379963 -0.21446077866656096389 0.029033697564549511977
0.81625712210213929865 -0.15234504086885367058 0.027936041670206895188
0.75079342246993974186 -0.10276318505680855087 0.029118016110287369552
0.67679751807855159651 -0.06797638004466366457 0.032505728738065779726
0.5612337659504109677 -0.046925350102174009925 0.040224574398197869562
0.45661857503669961433 -0.065197483550910789729 0.043021666248651925513
0.39276042448506226501 -0.093337157404563414476 0.044998742740888525438
0.33550464146561626011 -0.13256478603806623462 0.047250217596025975708
0.282986041481084305 -0.17798968011909496734 0.044736638821351155937
0.23867493212722978857 -0.23216248837106243097 0.041551152769798295472
0.20504494591862912345 -0.29413328997573440216 0.03882594651309947964
0.1835839528717123359 -0.36174300484664378974 0.036672996946526044415
0.17531105125134163747 -0.4325112547383151429 0.03518377146603724609
0.18664903704701518716 -0.53062091521946508355 0.034070081483444140946
0.23884839131292728842 -0.61718359652905174784 0.040391276081818611177
0.29408214488629907946 -0.66451077932625257638 0.044188931380292000017
0.35818854865422594669 -0.69730709380060340585 0.044915250655239588595
0.42842563158885843544 -0.71432824136994466091 0.04256552572200803658
0.50194164089321857691 -0.71441238777950000216 0.037156862116504790761
0.57458284102402990001 -0.69475428562374386132 0.030697154542929042803
0.6789129461082425987 -0.6005112828003431602 0.030770417629457844783
0.70440590455819063198 -0.54186615666854009987 0.031643299411946587685
0.71272354272914861806 -0.47864654136625195413 0.031993901125426715826
0.7033234756884825245 -0.41560214475551388036 0.031798424148947096457
0.67686451510818212984 -0.35746072110409332634 0.031070107067824332542
0.63365137324149944931 -0.31049000185167929811 0.032212735274043599598
0.55777707336595649945 -0.28092002252533609941 0.042186619679103545821
0.49366285069420845488 -0.29693821080693727499 0.043926354056738843579
0.45597016163193437865 -0.3267731788074607624 0.043724854821763581292
0.43065647513614990771 -0.36792578413642146318 0.042667008008206053216
0.42098920348685220372 -0.41582554044317809883 0.0408569682140901419
0.43559936348327532585 -0.48460856546703073855 0.039054291595325044129
-0.56028520872996290247 0.35651389764888030687 0.039723382955782357562
-0.50864442480530658308 0.35683632366986989259 0.040764514364404993985
-0.4570131575886340336 0.3571586902720428891 0.041540500474690891797
-0.40543181911357539793 0.32030015718426430027 0.0052423717267868989028
-0.44304034198092806518 0.35699714338611115982 0.041458647481269206292
-0.40642398288028991349 0.39588730296723323443 0.0040187593625451451668
-0.47088495135891328403 0.35707207990462680458 0.041358047402731884512
-0.53588401777898508893 0.35666624969135135581 0.040248359530756026847
-0.62718481160973160726 0.38051780468390822287 0.02489155533619474836
-0.63037073950800281974 0.46463484117351183666 0.020758945875835800587
-0.62869797483218925471 0.5230228102000606949 0.021322654146527640628
-0.61790681378020440029 0.60330673209297425164 0.022070029010149993381
-0.5339511093430502342 0.60848060120255509364 0.018174287448350461699
-0.47216262932117414319 0.60896954536753333809 0.018145623396968187102
-0.41037142293268108473 0.60945851110677617957 0.017738259895170256641
-0.34857275356396244526 0.60994753590202177573 0.016952118881725108251
-0.26011815273805199977 0.60493219233150452574 0.020825380804169804638
-0.23893975726395494386 0.50334183446051838917 0.032742682497463503066
-0.23854495133748876423 0.42877056458269746653 0.034148471031300607625
-0.23815023580287272842 0.35421636799231298598 0.035001816890018085104
-0.23775556645730600014 0.27967089562786195955 0.035302958929475027061
-0.24772755072503288565 0.15980223787027333926 0.043314786077405686981
-0.37454899179758255334 0.15034186679556832411 0.036963097822473513221
-0.4558506722412128398 0.15049169088147937301 0.038200531773277479619
-0.53713736684780133412 0.1506414873512413044 0.038781090549642946441
-0.6184199036015542994 0.15079127615884357905 0.038704967475331433779
-0.6997091082713849941 0.15094107725419173005 0.037972137203218445101
-0.83286113456334986971 0.16228864196611009207 0.04634004992538799661
-0.85325582446297620898 0.28662819447624732216 0.047552499006620035926
-0.85310638797567206471 0.35879463367186159584 0.048444052030891006366
-0.85295697067533549074 0.43095180702317559263 0.048817508691707631185
-0.85280755684692721719 0.50310730369819933738 0.048672967182545212594
-0.85265813077686403165 0.57526871215957020578 0.048010389499964861715
-0.85250867674641583882 0.64744362335710525791 0.046829601419226665748
-0.82864483832105628736 0.76887350268420229238 0.041234112313566724517
-0.70083431325126521738 0.7795744107689186464 0.035270492878783962776
-0.62209275772101724211 0.77965033930342941826 0.037234865806563342827
-0.54337764334256855037 0.77972624234139187305 0.03858303615533766745
-0.46467913398741866882 0.7798021293675406751 0.039315424872459737993
-0.3859874018222437253 0.77987800985861244207 0.039432260578182574962
-0.30729262239856675043 0.7799538932880805131 0.038933579739817196497
-0.22858496974602121599 0.78002978913088438784 0.037819226699513756873
-0.14985461146399797761 0.78010570686816615993 0.036088853555684904939
-0.012404054211472739788 0.76740424141124630175 0.044288959703465892448
0.0047765643728650136746 0.62134385458224627996 0.042129387251209488019
0.0045050412220208405079 0.53437444714375836874 0.044572846384709333134
0.0042336319541966260793 0.44744151666418574553 0.046264003687167307155
0.0039622951322352203962 0.36053179073893210083 0.047203504219631556293
0.0036909893631881032783 0.27363201112422691486 0.04739170622262235677
0.0034196732730528006661 0.18672892564441256891 0.046828681449503722911
0.0031483054815310343444 0.099809280107100231683 0.045514215233242165393
-0.013917442681516359326 -0.051502504970908746795 0.052669478947632783483
-0.15885191750233665364 -0.064707636667148682452 0.043872168643010814315
-0.23921580416522786328 -0.064278238585916275261 0.045763496260460466425
-0.31955408613425245745 -0.063848977314970190022 0.047012424127300014853
-0.39987723787610107706 -0.063419796887434112809 0.047619359160074682669
-0.4801957259703657499 -0.062990641378568329456 0.047584499061226956385
-0.5605200145660060862 -0.062561454876625455235 0.04690783247625157637
-0.64086057083515746147 -0.062132181453703118346 0.045589138984673482913
-0.72122787043025105014 -0.061702765136586470995 0.04362798892482502161
-0.80278527583957115521 -0.024585696962614145278 0.0046852361927878600698
-0.76498286878766930119 -0.061584457988976486209 0.042176186761141987169
-0.8034350772471123836 -0.098588194952212576672 0.0040394675647411970934
-0.72176015401450466236 -0.061699921053761881684 0.043612860223004229487
-0.64169506212060178907 -0.062127722623105348376 0.045572074014114324902
-0.56165662065652055546 -0.062555381794615200208 0.046893652732858795429
-0.48163447167451151065 -0.062982953912588041101 0.047578023747209187422
-0.40161826565626984609 -0.06341049427628209223 0.047625408312853043102
-0.32159765615764790425 -0.063838058168530872893 0.047035821747753142619
-0.24156229445671295597 -0.064265700884335461018 0.04580907344423384292
-0.16150182419932537781 -0.064693477759479756095 0.043944766718602867872
-0.081405876036313426503 -0.065121444199181838242 0.041442298498085158864
-0.0015361000880685649062 -0.058446787666870274325 0.045337853705675154603
0.0029109195635537571389 0.023774096526628034354 0.043748428603799169312
0.0031680076061391740372 0.10611990996339240589 0.045634940722808166325
0.0034250148259582571808 0.1884398357066848495 0.046847015026283821137
0.0036819764015518646749 0.27074514151329981404 0.047385066125157512817
0.0039389274864794904252 0.35304708713870425196 0.047249278029862493145
0.004195903228559914877 0.43535693049967688628 0.046439604303913445404
0.0044529387891070609795 0.51768593383480909775 0.044955768025151381095
0.0047100693621748082607 0.6000453698700329852 0.042797261554602165912
0.0049673301938476174811 0.68244652799634941687 0.03996334611259268893
-0.0053711656246194922071 0.76443389914406068009 0.046953189699633024468
-0.089240369028147345509 0.78016415568299568584 0.034337297076926023842
-0.17369212133601891201 0.78008272094696096133 0.036677745499034172805
-0.25810987186883721511 0.78000131899799607371 0.038309388061026343475
-0.34250575422687995486 0.77991993813597182417 0.039232810679166986445
-0.42689188944655043212 0.7798385666728722132 0.039448344847709461425
-0.5112803929658329416 0.77975719292607903466 0.038956067929319007637
-0.59568338158289113604 0.77967580521166590657 0.037755803222837516775
-0.68011298041633805322 0.77959439183767764714 0.035847119808496426263
-0.76458132987565574634 0.77951294109742008676 0.033229332170335905416
-0.84828492180540715495 0.76131036248363892494 0.047859532411330729662
-0.85243069138908933446 0.68510460996863731253 0.04600780326327046782
-0.85258871229393884406 0.60879255106576635193 0.04752636706890318169
-0.85274669378470779879 0.53249952616099760494 0.048465617551402634389
-0.85290465443896212872 0.45621656370548629988 0.048825830764339051004
-0.85306261282446826932 0.37993469688220282698 0.048607112560627503683
-0.8532205875079282853 0.30364495938924229712 0.047809398668444275105
-0.85337859706370478019 0.22733838122375907287 0.046432454645132660576
-0.86415895718784785373 0.1507121376699355475 0.033955778615884155136
-0.78568160955520016664 0.15118852917745817521 0.036570784798850952679
-0.70725219777717973635 0.15095497778470917671 0.037870842262016174429
-0.62883789587328420279 0.15081047460788679637 0.03864773610526646419
-0.55043108953589359178 0.15066598524401886294 0.03881355606815928283
-0.47202206185044032205 0.15052149178661314299 0.038368353526498998052
-0.39360109480111893365 0.15037697632714980278 0.037311990539013628609
-0.31515846445235307094 0.15023242094619920772 0.035644139743055788805
-0.2367097712289664424 0.15089329730155531806 0.034162113159395560147
-0.2374701283100754956 0.22575710233436785401 0.035176699151588053383
-0.23786643877420501902 0.30061255053022339911 0.035274126257236033954
-0.23826276377699737163 0.3754707448005366599 0.034814807800333913423
-0.23865914805992893832 0.45034013595285449227 0.03379861415475581693
-0.23905563639125260167 0.52522917985135286756 0.032225258484885443977
-0.23420877467392650639 0.60034456327136742626 0.024899524684067995961
-0.31252460335662113344 0.61023279187038093063 0.016318682142942946695
-0.39102129619736503141 0.60961163239338911346 0.017532833305959363152
-0.46950355667513044011 0.60899058712246967318 0.018135890883878597046
-0.54798109026958830015 0.60836957925628998289 0.018128041303325553163
-0.62638277314820145492 0.60366847938800272111 0.021549326754282414897
-0.62816431734878641624 0.54165016230894158511 0.021431274196854820796
-0.62994120190177027574 0.47962788162391284397 0.020935994005758649938
-0.63171833334929672343 0.41759698306741543927 0.020058666890614834655
-0.64495406756334350273 0.3555947626977888909 0.0074524988396303922314
-0.64608154491941993669 0.35453616710258450961 0.0059244100286385305287
-0.60938967489501594255 0.36046617391469354397 0.035051549257037281637
-0.61265025430041930576 0.32368429739877230267 0.0062272219943925411975
