128
d 9.0536084308718134395 0.0114107378677063033 10 175.43694538751427103 184.7013870473619761 1
d -0.80683260573734316701 -0.79950540519687440799 0.1062705501146541387 -175.29861295263799548 -94.802326785333875137 1
d 0.021453712339793186425 9.0594917143287627681 10 -94.802326785333576709 -85.49290923633182615 1
d 0.7993564510689069591 -0.80908529849968924275 0.10081089537893576924 -85.49290923633182615 -4.6736376090018678653 1
d -9.066917672502080805 -0.0024999976158135992291 10 -4.6736376090016706897 4.6717447255515809346 1
d 0.79898707897287746249 0.80372698858599411764 0.10120822936171530726 4.6717447255515827109 85.487389508551132167 1
d 0.020164892216908932021 -9.0643789350385031156 10 85.487389508551288486 94.831011882760151366 1
d -0.81345361899840018527 0.79889237869885532106 0.1015637179080098873 94.831011882760179788 175.43694538751742584 1
d -0.0037499964237219236655 -10.80392603805516849 10 85.755999104437634628 94.22671402957554676 1
d -0.7459621246448190357 -0.76102927946227039158 0.0702857033469626441 -85.773285970424481661 -184.27701849523617739 0
d -10.788203366225298296 -0.0099999904632562253148 10 -4.2770184952363434761 4.2954697932790111281 1
d -0.74898094420135885585 0.74405468091308624157 0.067501442080486390163 -175.70453020672098887 -274.23797927246937434 0
d -0.0049999952316278073461 10.784028666629522419 10 -94.237979272469459602 -85.757194240351722669 1
d 0.7397802598129001872 0.74474337112327981814 0.066873738796570950105 94.24280575964826312 -4.213752339400455682 0
d 10.779441926177351974 0.0050539107385903416642 9.9999999999999982236 175.78624766060136153 184.3808601581772848 1
d 0.74129084232458120063 -0.76396667590931832681 0.067565239169940061181 4.3808601581773167766 -94.244000895563360132 0
d 9.9495790726681221372 -0.12125000357627929715 10 176.35378573645417077 183.6393719414285215 1
d -0.025994006377331593111 -0.75574221130061591811 0.0042689803577002950752 -176.3606280585713364 -90.148998460817509226 1
d 6.1232064411230186446e-16 9.2399550094375033638 10 -90.148998460822170387 -89.844156710138292965 1
d 0.027191611040219412082 -0.75701508827261210222 0.0029929219680387233495 -89.844156710138278754 -3.6462167704680528146 1
d -9.9495790726681221372 -0.1212500035762780759 10 -3.6462167704681149871 3.6394220798744183476 1
d 0.026002777732753407786 0.51325152680408558936 0.0042596349193641412298 3.6394220798743197598 89.850951400741791986 1
d -6.1232064411230186446e-16 -9.4824550165900607368 10 89.850951400731972285 90.155840782939435485 1
d -0.027191172360899042854 0.51451461486869243256 0.002993389410861943805 90.155840782939478117 176.35378573639980004 1
d 9.2799687213260408924 0.4650000035762780759 10 179.87637487916563828 180.12891566892773199 1
d -0.71743078831823503538 0.44250578792596911848 0.0025751843200476870303 -179.87108433107181327 -91.561508713390253433 1
d -0.4450000151991838071 10.436218032083846907 10 -91.561508713406681181 -88.44377570706680558 1
d -0.17351675642435063218 0.44342990244724111992 0.0035247330070762713725 -88.443775707067004532 -0.12363124845442703681 1
d -10.169968751724409728 0.46500000357627929715 10 -0.12363124845426891329 0.12989608811212349782 1
d -0.17239342982958300032 0.48766568961618472766 0.0023989852423047667088 0.12989608811260613952 88.437510867422574279 1
d -0.44500001519918502835 -9.5062180249312895342 10 88.437510867408931858 91.556218165313296709 1
d -0.71648217537565717095 0.48656903323795142047 0.0035258339148026263642 91.556218165312998281 179.87637487917629642 1
d 10.200364829983401549 -0.0049999952316290294588 10 177.19318647673958367 182.78767218823068674 1
d 0.21867499236066922919 -0.4910332890594510391 0.0064840833063137311848 -177.21232781176917115 -90.143762612671565648 1
d 0.24375000596046508816 9.502451169371603612 10 -90.143762612676596291 -89.83709100835281447 1
d 0.2721745133205666356 -0.49454102406113165102 0.0029673968635220071208 -89.837091008352331301 -2.8068185672017458288 1
d -9.7128648180624725939 -0.0049999952316278064787 10 -2.8068185672012972987 2.7877730670479321518 1
d 0.26884266126368500105 0.48105177375244806415 0.0064655639274296483957 2.7877730670480147523 89.856136508501222693 1
d 0.24375000596046386692 -9.512451159834860448 10 89.85613650850616807 90.16290394770632588 1
d 0.21532638130473175098 0.48454010919160983573 0.0029683237758001044214 90.162903947706070085 177.19318647671275357 1
d 10.332398760214491773 0.032500000204890355793 10 179.77105092768894679 180.23204869221382296 1
d 0.3370909716390977362 -0.0079813546488703580178 0.0046102362915972205232 -179.76795130778617704 -91.141699103824052486 1
d 0.53625001013279027795 9.9854240812289809526 10 -91.141699103864510789 -88.861382475558613692 1
d 0.73486062498326154557 -0.0074415696024556316976 0.0051608271119214389061 -88.861382475559182126 -0.22896711279072384793 1
d -9.2598987399489125494 0.032500000204891577038 10 -0.22896711279072362588 0.23349193058620895669 1
d 0.73566592017289211825 0.073234180445225199874 0.0043523397372695615815 0.23349193058628456288 88.856857657772152947 1
d 0.53625001013278894568 -9.9204240808191990197 10 88.856857657763129055 91.138599483961726833 1
d 0.337642605739047863 0.072438410125610766532 0.0051640501701206943316 91.138599483961797887 179.77105092766745997 1
d 10.429971803970799371 -0.31374999880790771511 10 179.87826445687954902 180.12246988072689646 1
d 0.43239866094628393034 -0.33511987047251540206 0.0024040178880975651525 -179.87753011927256352 -90.566521874412202919 1
d 0.53125000000000066613 9.6619874028494692197 10 -90.566521874408877579 -89.434203504982690447 1
d 0.62997350810319019399 -0.33499302641415201753 0.0025321188746961339686 -89.434203504982008326 -0.12174450133595321466 1
d -9.3674718039707993711 -0.31374999880790649387 10 -0.12174450133535916208 0.12318653792276962333 1
d 0.6302276361407673777 -0.29225480510653650823 0.0022774524315090482335 0.12318653792211110842 89.432761468431650087 1
d 0.53124999999999933387 -10.289487400465283429 10 89.43276146839528451 90.565787536802375257 1
d 0.43252807054970399125 -0.29250853766689566271 0.0025337008523938645346 90.565787536802716318 179.878264456847063 1
d 10.434955002279359348 -0.57000002264976568078 10 179.85564918985900817 180.15469884288134494 1
d 0.43802856965101072406 -0.59699183116846266106 0.0030371283519080270741 -179.84530115711808662 -90.541453920663485633 1
d 0.53249999880790777063 9.3995246523963764673 10 -90.541453920674555889 -89.468859734047029519 1
d 0.62515510019825260013 -0.59518772269127051544 0.0048581586580874252732 -89.468859734046759513 -0.14438518816017942292 1
d -9.3699550046635451395 -0.57000002264976434851 10 -0.14438518815979592413 0.15607396363344933077 1
d 0.62721364915899224801 -0.54276762247253729221 0.0027942555636412320409 0.1560739636324962043 89.457170958574081965 1
d 0.53249999880790643836 -10.539524697695906497 10 89.457170958573357211 90.531105887934174348 1
d 0.43985095059075135504 -0.54481833505891352765 0.0048642269616001069729 90.531105887934145926 179.85564918986369776 1
d 10.502169913946195479 -0.7087500095367438302 10 179.54549189967153211 180.4422567290715449 1
d 0.50656958549778208223 -0.7859059421412759594 0.0041018930756344324298 -179.55774327092825615 -90.098477007801662353 1
d 0.52375000715255803918 9.2099774003715744186 10 -90.098477007788204673 -89.889257856537042812 1
d 0.54307439354625575145 -0.78806280960483432452 0.0019411147856000744369 -89.889257856536701752 -0.45452186474748884626 1
d -9.4546698996410807325 -0.70875000953674249793 10 -0.45452186474635186686 0.44253201742848308209 1
d 0.54097853947294161081 -0.63154567672887673702 0.0040534101383417238396 0.44253201742919423545 89.901247703891542074 1
d 0.52375000715255670691 -10.627477419445060747 10 89.90124770385490649 90.110728379045113456 1
d 0.50442802731999036858 -0.6294396305128548974 0.0019435404764268197648 90.110728379046733494 179.54549189972479439 1
d 9.4024511455297457019 0.22624999284744201633 10 179.83857719442337952 180.16114464216093438 1
d -0.59429747674767019472 0.19813401745140593602 0.003211839541767239764 -179.83885535783912246 -91.400310476489906364 1
d -0.35000001266598640415 10.191936710826993817 10 -91.400310476487931055 -88.617016137187164304 1
d -0.10879969507654599359 0.20116489437440426835 0.0063170411690265824631 -88.617016137187164304 -0.1438180284859103264 1
d -10.102451170861719731 0.22624999284744323758 10 -0.14381802848588357002 0.16290622085671649377 1
d -0.10538755714224960769 0.25467421982119903268 0.0028959776626894242688 0.16290622085663136742 88.597927944824490964 1
d -0.35000001266598762539 -9.7394367251321085632 10 88.597927944816305512 91.400588639903588728 1
d -0.59434721438608595356 0.25441464164683652571 0.0031619650882691243028 91.400588639903389776 179.83857719443221868 1
d 9.2624655348822031442 -0.57625001668930120324 10 179.8685813138033609 180.13536145914284248 1
d -0.73480470173651923904 -0.59986864298005415641 0.0027018638288851155871 -179.86463854085656067 -91.510640299689896437 1
d -0.47125000506639419529 9.3939548968546162655 10 -91.510640299672587616 -88.493296542959626549 1
d -0.20840057972584277723 -0.59918010041146307909 0.0034087362748502804399 -88.493296542959726025 -0.13142461651038941928 1
d -10.204965545014992756 -0.57625001668929987098 10 -0.13142461651067793849 0.13631030938082888682 1
d -0.20752531033992574483 -0.55246542462982628496 0.0025314727817589426258 0.13631030937979599083 88.488410850076562042 1
d -0.47125000506639541653 -10.54645493023321734 10 88.488410850089465498 91.506697526726370029 1
d -0.73409836808755513093 -0.55332097008872771493 0.0034098009703332422989 91.506697526726085812 179.86858131384005333 1
d 9.3973199769079940324 -0.4250000119209295657 10 179.66755331737715551 180.32658791574951351 1
d -0.59949449199136051192 -0.4819828156870970548 0.003023128689327016401 -179.67341208425094123 -90.104564840065293652 1
d -0.58125001192092828894 9.5149774075241317917 10 -90.104564840068277931 -89.889562248151037238 1
d -0.56197883670868964412 -0.48301349703549611991 0.001990522816499591674 -89.88956224815089513 -0.33246082752947136996 1
d -10.559820000749851943 -0.42500001192092834446 10 -0.33246082753023442624 0.32687081389682220989 1
d -0.56295608080958969843 -0.36796756511716655069 0.0029733953644097148479 0.32687081389709726764 89.895152261813322525 1
d -0.58125001192092962121 -10.364977431365989702 10 89.895152261784446068 90.110423606941580488 1
d -0.60051871408322310408 -0.36698900945807561014 0.0019930102301027249889 90.110423606942632091 179.66755331737175538 1
d 9.4049430181106341564 -0.30375000834465087918 10 179.83397705682284595 180.17403624837456277 1
d -0.59156037938809025167 -0.33411453630024834371 0.0034504862546945618863 -179.8259637516252667 -91.08367462505908918 1
d -0.40250001102685867282 9.6606470095234744377 10 -91.083674625087624577 -88.924321596620671926 1
d -0.21486128373189924967 -0.33271528818314349829 0.0048762736419821926456 -88.924321596620643504 -0.16604002666607228789 1
d -10.209943040164352723 -0.30375000834464965793 10 -0.16604002666631215157 0.17540292750654409848 1
d -0.2131966214247801028 -0.27314628709213634172 0.0032067367411780975904 0.17540292750677191624 88.914958695763786523 1
d -0.40250001102685989407 -10.268147026212774975 10 88.914958695780413223 91.075661319890173218 1
d -0.59013570149775784746 -0.27478771749574776306 0.0048793191147631182966 91.075661319890656387 179.83397705683285039 1
d 9.4099387760379418211 -0.072500001639128341946 10 179.81999696194927196 180.18048207472006084 1
d -0.58644992756741276541 -0.10398879462884910718 0.0035617014032101944158 -179.8195179252798539 -90.810764244771860376 1
d -0.44499999284744201633 9.891448693226317701 10 -90.810764244766403408 -89.189701967043191644 1
d -0.30363256068545124711 -0.10390719468468406772 0.0036444602608696973454 -89.189701967043149011 -0.18001586291035215348 1
d -10.299938761732827075 -0.072500001639127120701 10 -0.18001586291051108191 0.1815080635034904688 1
d -0.30336849056441728134 -0.040831627514346172103 0.0033795674574228118554 0.18150806350350789931 89.188209766451095106 1
d -0.44499999284744323758 -10.036448696504573164 10 89.188209766450199822 90.810285208097042187 1
d -0.58636515549434520267 -0.041095053279179401262 0.0036467368170023648812 90.810285208097468512 179.81999696194554872 1
d 9.5049621826503045696 -0.18999999761581481961 10 179.86677625231754973 180.14180725147301132 1
d -0.4922386746928003598 -0.21474315466478025027 0.0027685229418404132089 -179.85819274852693184 -90.234913490851852202 1
d -0.45125000178813873264 9.7824042952119096839 10 -90.234913490837797667 -89.773609315034917699 1
d -0.41175432859235899796 -0.2132525791268794213 0.0042650966666036857836 -89.773609315034860856 -0.13328444560021207588 1
d -10.407462186226583256 -0.18999999761581359836 10 -0.13328444560031982302 0.14302120983041416435 1
d -0.41004863490335013987 -0.16504449193613507374 0.0025553018061081466533 0.1430212098301550383 89.763872550793749383 1
d -0.45125000178813995388 -10.162404290443538102 10 89.763872550804819639 90.226329987047208192 1
d -0.49073504370675347097 -0.16675803011999829062 0.0042757526002514811836 90.226329987047321879 179.86677625232218247 1
d 10.424536797947093092 0.43625001609325347873 10 179.49960510861174612 180.49633241820473017 1
d 0.43470718604655878003 0.34970960492054670166 0.0097955517631821368424 -179.5036675817952414 -90.482007755163678553 1
d 0.51875001192092962121 10.339560540794902721 10 -90.482007755157098927 -89.513802376214783862 1
d 0.6035296721116630847 0.34897258636333505777 0.0090523339367249589654 -89.51380237621508229 -0.50052228683298161105 1
d -9.3870367741052351818 0.43625001609325469998 10 -0.50052228683287547373 0.49888032709670576681 1
d 0.60324090243421613078 0.52323860394066135093 0.0093436117150850015595 0.49888032709652269103 89.515444335947023546 1
d 0.51875001192092828894 -9.4670605086083945423 10 89.515444335950945742 90.486070228340608423 1
d 0.43399275723136293559 0.52350503471964870972 0.0090749343338542946824 90.486070228340608423 179.49960510861063767 1

Metadata: 
LoopIdx: 0 8 16 24 32 40 48 56 64 72 80 88 96 104 112 120 