355
-0.86806675139498801208 0.71361819572619544783 0.052971395647869054524
-0.86797014768140245966 0.62409332416431861912 0.058926851035898952791
-0.86787365296658947056 0.53466946425881300975 0.064081879833438784577
-0.8677772515170791845 0.44533203544398330953 0.06843857068813910538
-0.86768092765988513726 0.35606651320309240516 0.07199868674120735168
-0.86758466577226900363 0.26685841958761752357 0.074763667371035458231
-0.86748845027158094645 0.17769331380066899495 0.076734629614638713568
-0.86739226560515725328 0.088556782831507044329 0.077912369269542397499
-0.8672960962402503915 -0.00056556787175348190253 0.078297361678110369287
-0.86719992665399459053 -0.08968812370406922807 0.077889762195783446286
-0.86710374132338174924 -0.17882527019284796821 0.076689406344067914678
-0.86700752471523556686 -0.2679914022874792523 0.07469580964855750127
-0.8669112612761737946 -0.35720093366187233297 0.071908167161703867576
-0.86681493542254683948 -0.44646830604257431441 0.068325352669442479536
-0.86671853153032363259 -0.53580799857559746613 0.063945917580234379329
-0.86662203392493353249 -0.62523453724462296766 0.058768089494467559697
-0.86652542687103162322 -0.71476250435377208792 0.052789770451600874501
-0.85138739518165740261 -0.82684444248184574278 0.053456763147740053721
-0.83508196193578798638 -0.84536232489670948276 0.051886595246064384779
-0.72265478522516790605 -0.87128898924843933838 0.040966670499598054067
-0.63257566886744420742 -0.87140328618578744013 0.047115834088633658239
-0.5426015221665589916 -0.87151744993232693748 0.052455452663321931739
-0.45271752305182549891 -0.87163149929505112645 0.056987711253121783872
-0.36290890849710799593 -0.87174545300603456521 0.060714462278496715564
-0.27316096478331014508 -0.87185932973478708075 0.063637227401208806832
-0.18345901782948625947 -0.87197314810052461986 0.065757199042011882373
-0.093788423579054341905 -0.87208692668436749162 0.06707524156854868802
-0.0041345584276592387343 -0.87220068404148332064 0.067591892155675223353
0.085517190320591518482 -0.87231443871320002437 0.067307361319789607568
0.17518143398177524195 -0.8724282092390934773 0.066221533128168669213
0.26487279201888958013 -0.87254201416907850586 0.064333965083688174347
0.35460590157987825766 -0.87265587207550832094 0.061643887684724625597
0.4443954270601723211 -0.87276980156530847843 0.05815020365941551278
0.53425606970305983268 -0.8728838212921605777 0.053851486872859642696
0.62420257725119976389 -0.87299794996874480191 0.048745980905232966229
0.71424975366284904066 -0.87311220637907427378 0.042831597298188292533
0.82459170451165419991 -0.85035136954463852454 0.051915977450712275099
0.83981301872815827814 -0.83398738460580623677 0.052771557557553742945
0.85653791551524061099 -0.72330176642311638791 0.049896704606478610444
0.85650352983133093421 -0.63296036752076034748 0.056005869512830375179
0.85646918395547633196 -0.54272355619577483665 0.061300097215292524699
0.85643487218722214038 -0.45257635566235104863 0.065781570728447660845
0.85640058884862446664 -0.3625038482752322988 0.069452135736079931294
0.85636632828047598576 -0.27249116561723296659 0.07231330244877934299
0.85633208483855960402 -0.1825234786557915212 0.074366247121709472268
0.85629785288992499304 -0.092585987954672599454 0.075611813235369321196
0.85626362680917222914 -0.002663913927058860192 0.076050512341568676788
0.85622940097476529786 0.087257512883618465471 0.075682524576196230637
0.85619516976532139552 0.17719306150870092753 0.074507698839718652928
0.85616092755593098396 0.26715751025872991331 0.072525552645776966698
0.85612666871445297634 0.3571656564408347001 0.069735271637575868553
0.85609238759780703631 0.44723232610266239195 0.066135708771167631137
0.85605807854824833569 0.53737238381650109798 0.061725383164113405143
0.85602373588962576978 0.62760074251733954931 0.056502478607362113805
0.85598935392360919749 0.7179323734087367237 0.050464841737562694812
0.83529471207815597644 0.82607258566289076818 0.05798950909709932322
0.82124313352127287224 0.84011515873477038419 0.057967907510785503244
0.71306745184369202395 0.86071931793808220679 0.050236841855662579814
0.62275716599777231064 0.86060481766055962893 0.056172574503373956523
0.53254826153316980886 0.86049044591985113239 0.061294082847763400879
0.44242578192900222644 0.86037618375326685438 0.065603477321687295176
0.35237482766316868821 0.86026201227038467945 0.069102531667686914463
0.26238054632396101695 0.86014791264051149167 0.071792684721924432401
0.17242812278766064815 0.86003386608023069115 0.073675041859279921663
0.082502769448315221856 0.85991985384101399248 0.074750376102320256755
-0.0074102835140116736501 0.859805857196882517 0.07501912889619392899
-0.097325797840150565787 0.85969185743209974859 0.0744814105509195995
-0.18725853688746588177 0.85957783582888214191 0.07313700035188183679
-0.27722327532775214998 0.85946377365509907253 0.070985346338733643079
-0.36723480886092096931 0.85934965215195902033 0.06802556475231018307
-0.45730796395805045629 0.85923545252165900443 0.064256439148509383874
-0.54745760764750328597 0.85912115591497306699 0.059676419177485860723
-0.63769865735776687377 0.85900674341877891749 0.054283619025885417042
-0.72804609083100546574 0.85889219604348110426 0.048075815519189088465
-0.83599975680217353258 0.83539817649249914489 0.058070255095676724666
-0.8496190508910413941 0.82099532561164356714 0.058587041662204922265
0.64099086641464941838 -0.87301925179887296391 0.047704215259665096183
0.54890048407973601741 -0.87290240286556086691 0.053074946884736927399
0.4569025981402010661 -0.8727856712963533159 0.057599948377340864925
0.36498138121315737425 -0.87266903700866427229 0.061281157409752040621
0.27312105845319334385 -0.87255247998657303743 0.064120148753993549962
0.18130589669588800805 -0.87243598026704594073 0.066118135927332497004
0.089520193661982980227 -0.87231951792623596553 0.067275972458826494016
-0.0022517327935242135648 -0.87220307306584576867 0.067594152779381758145
-0.094025555403036420454 -0.87208662579951934379 0.067072812737057160848
-0.18581694819434380062 -0.8719701562392577765 0.065711729738611071583
-0.2776415972004919186 -0.87185364448182967045 0.063510322517562486921
-0.36951521118708530178 -0.87173707059515836981 0.060467650528319011327
-0.46145353241262410116 -0.87162041460467110099 0.056582412965204824384
-0.55347234743755424624 -0.87150365647958094595 0.051852947404460163205
-0.64558749799784298506 -0.87138677611909198806 0.046277228066601019951
-0.80096834871382394105 -0.861884894312254346 0.044148893725993003379
-0.85496535967093889585 -0.82035507053853062853 0.053277927588502381473
-0.86658584312230035884 -0.65877338204852609049 0.056621560423226573178
-0.86668633323096200272 -0.56564689925427369399 0.062306501361553454088
-0.86678671610530577674 -0.47261979295519340738 0.067125559077861302049
-0.86688700944706686968 -0.3796756585492042646 0.071080847739760893989
-0.86698723089512119699 -0.28679814968645539475 0.07417410071448504727
-0.86708739803792977963 -0.19397096673662783672 0.076406672424589344716
-0.86718752842591240171 -0.1011778453259194327 0.077779539796133514984
-0.86728763958375276744 -0.0084025449265508790619 0.078293303302253758336
-0.86738774902268311884 0.084371162518239145589 0.077948187604183066801
-0.86748787425272710916 0.17715950395064847256 0.076744041791008008047
-0.86758803279496377048 0.26997871655310873296 0.074680339218619856689
-0.86768824219378692941 0.36284505911831305136 0.071756176947560215695
-0.86778852002921569309 0.45577482345140202247 0.067970274778631878387
-0.86788888392924756765 0.54878434582131618846 0.063320973884358575101
-0.86798935158228840425 0.64189001847845028603 0.057806235033571150284
-0.85808445080751227785 0.80341395388740755035 0.056137384833292031106
-0.80626476425608784027 0.84909226845412388851 0.051619659877464710296
-0.64820269706391453468 0.85899342582765214615 0.053603422302553008216
-0.55604570281116183494 0.85911026746223106976 0.059197988192626865844
-0.46398549911872516427 0.85922698638048844444 0.063944886339850640078
-0.37200619858692907105 0.85934360272533272251 0.067846154871172251188
-0.28009196940545760812 0.85946013656919029167 0.070903467068470990564
-0.1882270244220137223 0.85957660792786871884 0.073118133121752013071
-0.096395610276181431519 0.85969303677433361877 0.074491101500209863651
-0.0045819965825317637842 0.85980944305241968628 0.075022959943844058639
0.087229534852782841803 0.85992584669050531332 0.074713936077534542912
0.17905470079769708613 0.86004226761516211486 0.073563897648786569228
0.27090922735782591024 0.86015872576479868172 0.071572352389605048417
0.36280886075363888432 0.86027524110332820317 0.068738447502227115193
0.45476937812694900876 0.86039183363386473324 0.065060968767712654137
0.54680659839246181786 0.86050852341248784683 0.060538339275659151795
0.63893639315025851921 0.86062533056207102256 0.055168617772571218461
0.79767138974273477103 0.85102891365500854537 0.053613629389147335336
0.84614809318423767071 0.80274928045260507403 0.053739541374795855855
0.85601589656686483121 0.64819697048644242532 0.055197024878566383621
0.85604934685459366239 0.56031313501942647815 0.060474064721116362053
0.85608276390170512382 0.47251663252255338143 0.064980119571280012258
0.8561161529542899995 0.38479367995646240885 0.06871694947036119383
0.8561495192409416255 0.2971305402568227283 0.071686012537742968553
0.85618286797603693206 0.20951351370490675641 0.073888466360775284514
0.8562162043630046071 0.12192892934777940783 0.075325169096874464159
0.85624953359757782767 0.034363136456643177119 0.075996680289794976693
0.8562828608710290057 -0.053197503988027527999 0.075903261401523480778
0.85631619137341319359 -0.14076662779587012508 0.075044876060715109967
0.85634953029679439229 -0.22835787606168361785 0.073421190028147467754
0.85638288283848340576 -0.31598490366756043501 0.071031570879092412185
0.85641625420428524329 -0.40366138780325488966 0.067875087402066880404
0.85644964961174663287 -0.49140103651610700375 0.063950508712901185659
0.85648307429343117914 -0.5792175973019086932 0.059256303082538652749
0.85651653350020506839 -0.6671248657481966271 0.053790636476497288854
0.84650954049427096226 -0.82108172422817093938 0.051634142641349627112
0.79588356911439195329 -0.86396824105878589073 0.045903867560038245921
3.4694469519536141888e-16 0.42209608945120147272 0.03523995928172513753
7.2858385991025897965e-16 0.33150022668280981764 0.039723925009044695755
-6.8695049648681560939e-16 0.24097922198787277703 0.043391070261578443268
3.1225022567582527699e-16 0.15051806400958595011 0.04624291085482991337
5.5511151231257827021e-16 0.060101780973212066972 0.048280624662852850149
-2.1510571102112407971e-16 -0.030284569241881807017 0.049505052806124882903
2.1510571102112407971e-16 -0.12065590898845530987 0.049916700499077940045
-1.249000902703301108e-16 -0.21102715070996247437 0.049515737558868837265
-2.7061686225238190673e-16 -0.30141320678514882392 0.048301998576341501068
-2.4286128663675299322e-16 -0.39182899937258391931 0.046274982749499683765
-4.1633363423443370266e-17 -0.48228947026891222372 0.043433853379188494537
1.7347234759768070944e-16 -0.57280959079467819173 0.039777437026027213929
2.498001805406602216e-16 -0.66340437172160593438 0.03530422232701374563
-0.025994006377335884816 -0.75574221130062058105 0.0042262905541170870186
0.00059545453185691184575 -0.72874729990122755208 0.030984696148531502141
0.02719161104021936351 -0.75701508827261199119 0.0029629927483584071572
-2.6367796834847467835e-16 -0.6645958782874360482 0.035239971067185765774
3.1225022567582527699e-16 -0.57399936136378781892 0.039723964272712776469
-3.8857805861880478915e-16 -0.48347770345064744468 0.043391125214611830918
-3.6082248300317587564e-16 -0.39301589286636617881 0.046242969736764588662
2.7061686225238190673e-16 -0.30259895751233401029 0.048280675731854516552
5.8286708792820718372e-16 -0.21221195494468209075 0.049505084329278477295
6.9388939039072283776e-17 -0.121839962487650319 0.049916700742700798044
-6.9388939039072283776e-18 -0.031468067374708919015 0.049515694778828514555
-3.2612801348363973375e-16 0.058918643096416568883 0.048301901008365788481
2.498001805406602216e-16 0.14933509140862871734 0.04627481859946278725
2.7755575615628913511e-17 0.2397962196840678073 0.043433610813360501446
-4.8572257327350598644e-17 0.33031699957029053705 0.039777104161272322513
-4.1633363423443370266e-17 0.42091244216793516353 0.035303787220922505652
0.026002777732755544965 0.51325152680408792083 0.0042170385701674100234
-0.0005908744469611956155 0.48624242479451756926 0.030989515692937431857
-0.027191172360898799992 0.51451461486869221051 0.0029634555167536739614
-0.69483917429035191304 0.46453947924639393818 0.024940172815164966813
-0.71743078831823503538 0.44250578792596911848 0.0025494324768472174415
-0.63926330597303993031 0.46500000357627896408 0.026620895208524082004
-0.56173250849645117722 0.4650000035762785755 0.027817717463379909582
-0.4842158212881242374 0.46500000357627890857 0.028417807304794383966
-0.4067038737906985002 0.46500000357627879755 0.028421346070925009031
-0.32918729773844074282 0.46500000357627851999 0.027828334831056785598
-0.2516567226277385827 0.46500000357627951919 0.026638594386384054774
-0.17351675642435057667 0.44342990244724106441 0.003489485677005446998
-0.1950738949729495797 0.46554534144823805919 0.024854077058031370101
-0.17239342982958297257 0.48766568961618472766 0.0023749953898816915723
-0.25059026825237074032 0.46500000357627879755 0.026618069895219781396
-0.32814532693844472577 0.4650000035762790751 0.027816300594997667855
-0.4056862517517643707 0.46500000357627868652 0.028417425427443226277
-0.48322242204416915312 0.46500000357627913061 0.028421626157069893731
-0.5607632148672641037 0.46500000357627890857 0.027828904053974080207
-0.63831800950903150316 0.46500000357627846448 0.026639079894776245688
-0.71648217537565717095 0.48656903323795153149 0.0034905755756545068028
0.24375000596046442203 0.39458982750801374628 0.035016312742294913862
0.24375000596046464407 0.30609615599409173425 0.038140972725656224762
0.24375000596046397794 0.21765155955396914278 0.040487040696554156549
0.24375000596046489387 0.12924206944000088404 0.042055441820968389455
0.24375000596046458856 0.04085373905407159445 0.042846794299324163224
0.24375000596046428325 -0.04752736485804714972 0.04286140996123855712
0.24375000596046475509 -0.13591517099444838657 0.042099294565395843637
0.24375000596046408896 -0.2243236122788200837 0.040560147805084677264
0.24375000596046425549 -0.31276663464773163392 0.038243363019405701708
0.24375000596046431101 -0.40125820585543398034 0.035148026609642391005
0.21867499236066920143 -0.4910332890594510391 0.0064192424732505727614
0.24541565799360082201 -0.46651799128297932739 0.030720393191846561559
0.27217451332056735724 -0.49454102406113237267 0.0029377228948857625306
0.24375000596046450529 -0.4045890198565595397 0.03501634442726661578
0.24375000596046506041 -0.31609367386885561801 0.038141049171936197704
0.24375000596046433876 -0.22764740442256536923 0.040487132450226011315
0.24375000596046431101 -0.13923624197753867171 0.042055519469170389579
0.24375000596046436652 -0.050846239144441821023 0.042846828447031921894
0.24375000596046458856 0.03753653812174019555 0.042861371208091664231
0.24375000596046508816 0.12592601931031302542 0.042099153482527136572
0.24375000596046381141 0.21433613813737670273 0.040559874911921645069
0.24375000596046400569 0.30278084133399468802 0.038242928760419674095
0.24375000596046450529 0.39127409745180802281 0.035147401330989445911
0.26884266126368400185 0.48105177375244706495 0.0064009082881567340093
0.24209357035236689359 0.45650834898006653617 0.030729950033270145987
0.21532638130472847582 0.48454010919161322191 0.00293864053803743943
0.37794661084922881455 0.032230739377363627762 0.045092368523149212178
0.33709097163909768069 -0.0079813546488703788345 0.004564133928681217596
0.41714164544225751374 0.032500000204891070499 0.045899616792934978815
0.49637046859575373325 0.032500000204891160704 0.046526064048921907113
0.57559423803706022404 0.032500000204891112132 0.04652817323489120277
0.65482299335110449867 0.032500000204891597855 0.045905945019072892654
0.73486062498326520931 -0.0074415696024593110461 0.0051092188407970313968
0.6946792013088816109 0.032893071490607085627 0.044967830471887945687
0.7356659201728918962 0.073234180445224950073 0.0043088163398972171778
0.65555959589823342704 0.032500000204890681921 0.045897230983377980407
0.57628123173261192047 0.032500000204891868472 0.04652546123290133423
0.49700794684478183383 0.032500000204890439059 0.046528572534076648171
0.41772968281300404403 0.032500000204891389688 0.045906565873858870552
0.33764260573904691931 0.072438410125611668589 0.0051124096684182123232
0.45387037056576312599 -0.31381392870388513661 0.023659580726222387281
0.43239866094628387483 -0.33511987047251545757 0.0023799777092165580114
0.49832884224400531004 -0.31374999880790732654 0.023966193794407640583
0.56404486096949035812 -0.31374999880790704898 0.023966605627631476505
0.62997350810319296954 -0.33499302641415479309 0.0025067976859453194871
0.60869172036866092679 -0.31362445733760008215 0.023598110121916940352
0.63022763614076926508 -0.29225480510653456534 0.0022546779071912848372
0.56425486310625705411 -0.31374999880790682694 0.02396591997268343599
0.49849777156381658294 -0.31374999880790771511 0.02396674428801548809
0.43252807054970343614 -0.2925085376668951076 0.002508363843869166384
0.46429670972451081434 -0.57090040920189577545 0.029048250123157277197
0.43802856965100972486 -0.59699183116846366026 0.0030067570683875314078
0.50049717999027443227 -0.5700000226497647926 0.030119719932085411984
0.56270821360166023428 -0.5700000226497647926 0.030125263184883767364
0.62515510019825260013 -0.59518772269127040442 0.0048095770715066042331
0.60082074865965628963 -0.56898296554299832017 0.028931952856899010446
0.62721364915899047165 -0.54276762247253906857 0.0027663130080073038662
0.5646643281870148412 -0.57000002264976523669 0.030119205364810674314
0.5023755301306545018 -0.57000002264976523669 0.030125514053351943461
0.43985095059075129953 -0.54481833505891341662 0.0048155846919840459425
0.52375000715255759509 -0.68165357828919681538 0.021327870020710480714
0.52375000715255737305 -0.73371277299558468332 0.021333380205831083826
0.50656958549778186018 -0.78590594214127629247 0.0040608741448776757357
0.52481816660956615017 -0.76969671375810044811 0.020122570418843910289
0.54307439354625430816 -0.78806280960483288123 0.0019217036377460886606
0.52375000715255781714 -0.73583205771931625705 0.02132790867699176432
0.52375000715255703998 -0.68375608280484445611 0.021333302977120393445
0.54097853947294083365 -0.63154567672887762519 0.0040128760369595303445
0.52270702368473032084 -0.64782863281772096187 0.020147647282306273275
0.50442802731999036858 -0.6294396305128548974 0.0019241050716625629925
-0.56559147651577557081 0.22627418961033962663 0.031637804145859094174
-0.59429747674767052779 0.19813401745140571397 0.0031797211463492412557
-0.51289124204260538864 0.226249992847442849 0.032652304100013143651
-0.43219366099417666494 0.22624999284744221062 0.033634591585388479151
-0.35150685668270637008 0.22624999284744293226 0.033970036419602417377
-0.27082024992613290548 0.2262499928474423494 0.033658748555961293114
-0.19012326164598924993 0.2262499928474433486 0.032700625959715512447
-0.10879969507654595196 0.20116489437440421284 0.006253870757336269133
-0.13273624914641490857 0.22791070712417951794 0.029982090567533255937
-0.10538755714224555537 0.25467421982120297397 0.0028670178860569109185
-0.18736386423914253019 0.22624999284744273798 0.032656427976011148662
-0.2686228436846495593 0.22624999284744257144 0.033641224957658880101
-0.34987100445560398443 0.22624999284744226613 0.033970148373573129386
-0.43111914807673085148 0.22624999284744301553 0.033643307545056705399
-0.51237807606361929214 0.22624999284744254369 0.032660593843003571379
-0.59434721438608750788 0.25441464164683808002 0.0031303454373842686496
-0.71096373462438300361 -0.57659317431325007863 0.02630501734397087607
-0.73480470173652068233 -0.59986864298005548868 0.0026748451905943631222
-0.65913503808674567264 -0.5762500166893009812 0.027744680353181332133
-0.5841095156761135776 -0.57625001668930064813 0.028864776846827006063
-0.50909677084023552407 -0.57625001668930031506 0.029426021266053859621
-0.43408831040080458896 -0.57625001668930075915 0.029428572462760722167
-0.35907564311973139137 -0.57625001668930020404 0.02887243115897659973
-0.28405027585383152422 -0.57625001668930087018 0.027757439947358606563
-0.20840057972584266621 -0.59918010041146319011 0.0033746489121016156471
-0.2314522113057704833 -0.57582478883282872673 0.026221790653572104451
-0.20752531033992419052 -0.55246542462982484167 0.0025061580539391782943
-0.28322324954638061767 -0.576250016689299982 0.027742035821916845306
-0.35827224717344635652 -0.57625001668930031506 0.028863451101677633365
-0.43330844583885924637 -0.57625001668930031506 0.029425664586157203317
-0.5083403466915608071 -0.57625001668930031506 0.029428835501041215872
-0.5833764489329931191 -0.57625001668930031506 0.02887296474431001389
-0.6584252536683978807 -0.57625001668930042609 0.027757894886857349681
-0.73409836808755257742 -0.55332097008873026844 0.0033757029606334082797
-0.58125001192092873303 -0.4053603514718910894 0.021196577118804200285
-0.58125001192092873303 -0.44361931221960976268 0.0211985136422106063
-0.59949449199136151112 -0.48198281568709799849 0.0029928974024324267976
-0.58073857183678889715 -0.46418092609006772475 0.020633236747138003486
-0.56197883670868975514 -0.4830134970354960644 0.0019706175883346449193
-0.58125001192092928815 -0.44462489154363549204 0.021196605908380398986
-0.58125001192092939917 -0.40634868651078698276 0.021198454432427054489
-0.56295608080958636776 -0.36796756511716322002 0.0029436614107609770756
-0.5817355828702932552 -0.3858450673250611862 0.020658947904007147339
-0.60051871408322310408 -0.36698900945807561014 0.0019730801278016979299
-0.56141800490885795938 -0.30444694879466299708 0.03330256308611462962
-0.59156037938809025167 -0.33411453630024834371 0.0034159813921476171218
-0.51586113946956113629 -0.30375000834465021304 0.034608588225925301929
-0.44074915666921959945 -0.30375000834465065713 0.035174275467538831941
-0.36564152033811753162 -0.30375000834464960242 0.035179464119880134165
-0.29052969557026275815 -0.30375000834465054611 0.034624155657023661381
-0.21486128373190102603 -0.33271528818314177744 0.0048275109055648489365
-0.24346275051700733139 -0.30293567989254749362 0.033184480313752963421
-0.21319662142478007505 -0.27314628709213628621 0.0031746693737662824361
-0.28894811863896063819 -0.3037500083446504906 0.034606438011660911602
-0.3641070660911938095 -0.3037500083446494914 0.035173727978966680408
-0.43926164527754052447 -0.30375000834465021304 0.035179818342472135573
-0.51442040711762671013 -0.30375000834465037958 0.03462471083458693033
-0.59013570149775784746 -0.27478771749574765204 0.0048305259236153712601
-0.55465493942283572437 -0.072541657462866310224 0.035052221607633063383
-0.58644992756741265438 -0.10398879462884902392 0.0035260843891782010263
-0.5155188947725134474 -0.072500001639127675812 0.035443745210751567698
-0.44504053082939348807 -0.072500001639127648057 0.035690792001569868197
-0.37456217094267552081 -0.072500001639127953368 0.035444312967752134025
-0.30363256068545108057 -0.10390719468468423425 0.0036080156582607787914
-0.33525596837503401915 -0.072370242469251916395 0.034964033739376267074
-0.30336849056441733685 -0.04083162751434619292 0.0033457717828486123121
-0.37434670916322854151 -0.072500001639127203967 0.035442802773857438881
-0.44486912809157391768 -0.07250000163912806439 0.035690791232425536639
-0.51539153390867076254 -0.072500001639127134578 0.035444636753220723491
-0.58636515549434198302 -0.041095053279182579276 0.0036102694488368150885
-0.46820353397593100775 -0.19074703960232838873 0.026565912841147384937
-0.49223867469280341291 -0.21474315466478330339 0.0027408377124177310188
-0.4519917044645922477 -0.18999999761581373714 0.027319722794117391046
-0.41175432859236182903 -0.21325257912687661799 0.0042224456999415994896
-0.4341959269101334784 -0.1891525761894025659 0.026466367634337510661
-0.41004863490334947373 -0.16504449193613440761 0.0025297487880461475007
-0.45039737132694679378 -0.18999999761581465307 0.027319714015528181322
-0.49073504370675347097 -0.16675803011999834613 0.0042329950742490130011
0.49208326348212272361 0.46540000329838410176 0.066828653703213045101
0.49278936109832705004 0.40780630305965537286 0.067529714669902776714
0.43470718604655883555 0.34970960492054675717 0.0096975962455503814108
0.49113673955817888084 0.40615326829174897005 0.065888803872616155677
0.5470917692099840357 0.40542460121230955439 0.065165395142700491271
0.60352967211166319572 0.34897258636333500226 0.0089618105973576431267
0.54528389721560766024 0.40723292525385645924 0.066960572899704279282
0.54499850407028449517 0.46498164242654199674 0.067243932506174067254
0.60324090243421646385 0.523238603940661684 0.0092501755979337105945
0.54666598816757205892 0.46664954346787979045 0.065588215662716539689
0.4905706973738305221 0.46691294761444118722 0.065326710514256855489
0.43399275723136254701 0.52350503471964904278 0.00898418499051527146

Metadata: 
LoopIdx: 0 76 145 177 195 221 235 245 255 265 281 299 309 323 335 343 