14
d -5.6279940775049199786 0.025512146470913415336 4.771632517516462002 9.6551309004992500462 -10.407637040964315744 0
d -0.92256986875390256664 -0.83874313755878282528 0.012503159935984256915 169.59236295903576774 335.02172120348632234 1
d -2.7356857236562319713 0.0058899921501921210371 2.0127017068558097357 -24.978278796513343707 24.260423850453680217 1
d -0.91188748550510956292 0.82785036065603490041 0.012237045613977919067 24.260423850453811667 189.65513090049915945 1
d 0.31564824773160793381 2.8213810539635728603 2.2075971037984776224 -115.4875218959330283 -80.208645235714271848 1
d 0.68791851827180561241 0.66422550998994289717 0.018555031287252620603 -80.208645235714243427 73.448782159281478243 1
d -0.54811736385753562217 -3.4949052542931569043 4.3574665787052664356 73.448782159281719828 91.038807491088590496 1
d -0.62680004511712339443 0.84438918600620149757 0.017458836322411630526 91.038807491088448387 244.51247810406704275 1
d 0.80220880604602073927 -0.83133443867618328493 0.52638380947146834465 93.964436433458757847 182.39926455492121704 1
d 0.32240819912913054601 -0.85143787278327098811 0.046162224720517987253 -177.60073544507875454 -90.123295528377553865 1
d 0.53749998837710044608 99.10216847300635834 100 -90.123295528391238918 -89.866004828842719121 1
d 0.7713099067330636549 -0.87380074647184335923 0.023757379805552245045 -89.866004828842676488 -0.15619737966675081853 1
d -99.204561204948902287 -0.60124999463557582402 100 -0.15619737966699176468 0.15344217667770998492 1
d 0.76770847832596189608 -0.33351649888504175667 0.027371811829439610109 0.1534421766776610796 93.964436433458985221 1

Metadata: 
LoopIdx: 0 4 8 