90
-0.88600096732154853818 0.73763767813394787165 0.023298608299015411555
-0.86310571342089192903 0.64655639250714880273 0.033222540328950250776
-0.84324821727188636888 0.55471125160045220426 0.041866548358628866144
-0.82646915486238980986 0.46220952171400969677 0.049213157604454361993
-0.81280318412626617608 0.36916065538141257241 0.055247426993134701734
-0.80227877233487676634 0.27567594402295064748 0.059957023007131002301
-0.79491805304122942211 0.18186815775998690925 0.063332281093916489856
-0.79073671390683575311 0.087851174808515994363 0.065366254070775578477
-0.78974391646358133023 -0.0062603970052424904799 0.066054747073711395089
-0.79194224856943629121 -0.10035160396916066594 0.065396338722649896558
-0.79732771001187274784 -0.19430753274751588755 0.063392388303644811587
-0.80588973140098985048 -0.28801369644804164505 0.060047028900321770817
-0.81761122618027415321 -0.38135641776221912425 0.055367146539360770352
-0.83246867527141621412 -0.47422320648214566496 0.049362345546410044128
-0.85043224356530244812 -0.56650312876460540146 0.04204490043741040961
-0.87146592717884596713 -0.65808716561145130797 0.033429694794071707076
-0.89552773012087716342 -0.74886855816332964508 0.023534147689246498469
-0.92256986875390256664 -0.83874313755878271426 0.012378128336624496034
-0.89634073363694299896 -0.75173641169488591984 0.023199224395736472298
-0.87306503854303596501 -0.66452056461534769749 0.032773197486904090403
-0.85270677225678603861 -0.57712429857018798796 0.041115328630824399259
-0.83523443299599808842 -0.48957391379523046426 0.048238988726210359215
-0.82062103739852609863 -0.40189365834084056495 0.054155635758492561005
-0.80884412556111495718 -0.3141060635766403375 0.058874813633807317192
-0.79988576353429352572 -0.22623226764316672899 0.062404152052156054709
-0.79373254440692087019 -0.13829232909166067067 0.064749366947730285782
-0.79037558886471614983 -0.05030553292639834001 0.065914261129480053447
-0.78981054587467292016 0.037709308758167192632 0.065900724853086858901
-0.7920375939271876442 0.12573355936941643662 0.06470873614829153464
-0.79706144305594583965 0.21374846147117801398 0.062336360814928069851
-0.80489133764786191527 0.30173483933662548218 0.058779752088659542597
-0.81554105984765634663 0.38967279822991585103 0.054033150065109961102
-0.82902893314985115492 0.47754141823451257132 0.048088881060511096122
-0.84537782555091023351 0.56531844042675760686 0.040937357179907089832
-0.86461515140180922323 0.65297994316784957469 0.032567076462155328254
-0.88677287085199352212 0.74050000625712342206 0.022964624076253558477
-0.91188748550510956292 0.82785036065603501143 0.012114675157838081243
-0.5371571369300082166 0.82544387097462268432 0.036732515534253593059
-0.44862958102927857906 0.80767693582620170289 0.05319698059047666544
-0.3610109657628063351 0.79102516547086054732 0.066779409021248375966
-0.27410378460689610591 0.77543311678777260276 0.077562503209663943848
-0.18771746678281736598 0.76085243051355444521 0.085611120136524263002
-0.10166655183889067304 0.7472412589548557138 0.090973209864265922042
-0.015768969422343209752 0.73456379548343830876 0.093680499815790352347
0.070155610826598935326 0.72278989476016397564 0.093748943050322386394
0.1562873918708686527 0.71189477518166921488 0.091178942305678759017
0.24280805564280599773 0.70185879726583944027 0.085955355642472863753
0.32990239417863659321 0.69266731368661682566 0.078047283836853775796
0.41775999727190965549 0.68431058851954973399 0.067407633985619608286
0.50657703021944078259 0.67678378504383984726 0.0539724478724272691
0.59655813821815562026 0.67008702323891244923 0.037659977243697032034
0.68791851827180572343 0.66422550998994289717 0.018369480974380049398
0.59741882183278338658 0.67002742446369323304 0.037490982741797899969
0.50791102786349984211 0.67667771897415396332 0.053750343946372368398
0.41925165678321218987 0.68417657099453133007 0.067204118551071403975
0.33130181444449618988 0.69252703218193290002 0.077898676756907966889
0.24392635709108603792 0.70173500503978347709 0.085870605027554239297
0.15699310012748815546 0.71180924376553866839 0.091147018341951435705
0.070372060774164510444 0.72276137891880498643 0.093745789684482938586
-0.016065274636174506351 0.73460596592192295429 0.093675700414709336949
-0.10244666747940281426 0.74736055777663690236 0.090936513884496653071
-0.18889983623066486373 0.76104580275608224582 0.085518973456386565557
-0.27555316674348695472 0.77568556822033196685 0.077404724892188858654
-0.36253643176942995652 0.79130709211597427544 0.066566161895159070561
-0.44998152827292414724 0.80794116416606465148 0.052966192372725630355
-0.53802324147396740628 0.82562233924797190365 0.036557921708544355299
-0.62680004511712339443 0.84438918600620149757 0.017284247959187495902
0.70542943420357340223 -0.40563080187211864036 0.088919675771003958697
0.65849092440921608294 -0.46929378928339782195 0.13549208219502770212
0.62272217036051291661 -0.5265643819838099482 0.17096179986987622423
0.59536173201732323079 -0.57896168859830376974 0.19807382846914239893
0.57453940880879927899 -0.62764469575617454211 0.21868693617792431261
0.55237842955622451502 -0.66924969783761856235 0.22629491258227765749
0.50429925130775765663 -0.6978784229963213015 0.19794810569523058064
0.45112772252261468253 -0.73537051990129376211 0.16079940910421028355
0.39124617683104823129 -0.78491641354081265192 0.11167996130575109925
0.32240819912908824652 -0.85143787278331495294 0.04570060247325237468
0.39731745493879555564 -0.77954006484019278123 0.1170111592214346935
0.47211094005558851272 -0.71984381073267622586 0.17618663651074448206
0.54681613033675025015 -0.67230545124730944906 0.2232703844047612407
0.62153367901862432987 -0.72396646897564065348 0.172091391340445099
0.69636554414512641387 -0.79882733719231191483 0.097889094763589395987
0.7713099067330636549 -0.87380074647184313719 0.023519806007496826816
0.69400372220916850541 -0.79646459986911566364 0.10023189248068860302
0.61681723179764547105 -0.71924819376943582849 0.17676630261943174216
0.56918760675459645348 -0.6421632296218908742 0.22398037185532276849
0.60208957466239310108 -0.56512270729866420638 0.19140925502375477629
0.6461227703867922223 -0.48801871621463677187 0.14775930398616318739
0.70131671404253026481 -0.41082532706562119307 0.093001196565912477854
0.76770847832596189608 -0.33351649888504175667 0.027098093711145177648

Metadata: 
LoopIdx: 0 37 67 