44
d -0.49499998986721649441 -99.117391225853054948 100 89.916591272205309338 90.084511301669351724 1
d -0.64247232705821910592 0.86375001072883594855 0.018750002515103069561 90.084511301669138561 269.91548869833087565 1
d -0.64255330839743907134 0.8088474651510483282 0.036152602786452277261 89.915488698330733541 -8.9615407695093107776 0
d -0.55228756755970065395 0.79461287964700111353 0.055228617349075519172 171.03845923049064481 179.82680615850304662 1
d 99.392027200928424691 0.49250000715255126682 100 179.82680615852166284 180.17618480239173095 1
d -0.64496587709025909874 0.18488479431698290334 0.037466037533783358437 0.1761848023917688133 -86.226248640951652646 0
d -0.64142813693662126262 0.13124999776482579317 0.016285306696718977043 93.773751359048645782 257.60362377685618185 1
d -0.64174317069857333973 0.12981670981483417471 0.014817805208215175869 -102.39637622314388921 -90.08409013987943581 1
d -0.49499998986720428196 100.11489122078666014 100 -90.084090139836590083 -89.915488698330634065 1
d -0.34752396519235545513 0.13124999776482582092 0.016250013355638949497 -89.915488698330619854 89.915488698330619854 1
d -0.34745458653890848311 0.17828632390712190192 0.030786363953439602192 -90.084511301669394356 -187.47031469642323032 0
d -0.43571196799458195015 0.18985911251817091938 0.058226527346912401728 -7.4703146964232578497 -0.17350174875911364425 1
d -100.37702721523353944 0.49250000715256347927 100 -0.17350174875911322792 0.17618480239178979652 1
d -0.33920972145545130738 0.80011775507861671031 0.038290457190898595508 -179.82381519760835431 -257.49585684059644564 0
d -0.35248983519142595977 0.85999998450279246942 0.023046667143798143379 -77.495856840596459847 69.746271156536721492 1
d -0.34944509531463091578 0.86825145928820546271 0.014251368567191877168 69.746271156536607805 89.916591272323969974 1
d -99.272423408199031769 0.75124999880791321072 100 -0.069603106829203398309 0.070903545927485225886 1
d 0.70500001311302173956 0.87497215621808521746 0.022500025572997201656 0.070903545927430894347 179.92909645407257813 1
d 0.65348564528901353921 0.87503590529769426087 0.029014381695769711489 -0.070903545927227001888 -136.32632458611857373 0
d 0.54394103563206930296 0.77044905284348941255 0.12244000487381728748 43.673675413881383633 101.00139014196207654 1
d 0.52130098076669328933 0.88690695243988726393 0.0038018387437227072097 101.00139014196273024 179.98529908115131093 1
d 100.51749585049742564 0.86124998331069335666 99.999999999999985789 179.98529908047146364 180.01491386531634475 1
d 0.51974523065042588232 0.83522096283061075805 0.002245992527306454184 -179.9850861346845079 -79.872845239465490863 1
d 0.53695411202848397636 0.73887535549782412669 0.095624440447150058087 100.12715476053573127 -2.3226438640740028063 0
d 0.7617880698339317691 0.7297560895416673743 0.12939438008580217421 177.67735613592597588 232.21045803530984131 1
d 0.70500001311302185059 0.65651776869801448111 0.036718951701925128805 -127.78954196469010185 -55.989412231778821649 1
d 0.72304535843191752864 0.62977510523142798959 0.0044574493040935711172 -55.989412231779297713 -0.069603106829691216428 1
d 0.53489131749465057553 0.49874999746680259705 0.38878880629413314907 99.603432755105174579 260.26068254417191383 1
d 0.4696105301990898262 0.11841333844742976678 0.0028904318690173100986 -99.739317455828398806 -0.015233475219567471637 1
d -99.527495503576943747 0.14499999955297129817 100.00000000000001421 -0.015233475219612359342 0.015567622266339465817 1
d 0.47041889811635334562 0.17217006007688862024 0.0020819071688495636996 0.015567622266106688478 105.6152529991881579 1
d 0.45749999582767486572 0.21839285717935014164 0.045912311319628265616 -74.384747000812254214 -185.58823618102638875 0
d 0.26099535660039341334 0.23761957263505745219 0.15153069267154581357 -5.5882361810264322699 -0.14769208278347686902 1
d -99.587142224095146048 0.49499999731779709133 100.00000000000001421 -0.14769208278348086583 0.1532663876905856204 1
d 0.47751990165585705972 0.76267391694822361803 0.065020140246592153521 -179.84673361230943556 -261.28578481402962552 0
d 0.46680610535040856224 0.83257290032548403325 0.0056951573095178446848 -81.285784814029810263 -0.012850507397922096911 1
d -99.527496222325225972 0.85499998927117004666 100 -0.012850507397865222267 0.014325999163165931138 1
d 0.47038369558972425999 0.88000304509920146412 0.0021169562548250127863 0.014325999163863329874 99.60343275510403771 1
d 100.51749653799785733 0.14624999836086613469 99.999999999999985789 179.98664287446612775 180.01353612860324915 1
d 0.52056024712422943601 0.1226257205126261296 0.0030609185083737976314 -179.98646387139680769 -98.326627981163127856 1
d 0.54588778517800251588 0.29567662086741114402 0.17795545329281767244 -98.326627981162133096 7.0441379381080126976 1
d 0.69875001907348643915 0.31456528756828977533 0.023930636197472470589 7.044137938108054442 172.95586206189202017 1
d 0.51082779951607881763 0.33778619753704086648 0.16542081286790774608 -7.0441379381079993749 -86.680317158745396 0
d 0.52058553720895361927 0.16956186057451916316 0.0030862819125880630242 93.319682841253978722 179.98664287418839081 1

Metadata: 
LoopIdx: 0 16 27 38 