85
-0.42273009373581499348 0.83161201870809164927 0.050460921154115045972
-0.49596109306925895144 0.77098526780360887578 0.11050726670239138794
-0.56919897211455305897 0.83930691177807825731 0.042841579772748474009
-0.64247232705821932797 0.86375001072883594855 0.018562502489951816786
-0.59187716973239334894 0.85209376688665305899 0.030163386337507373108
-0.55228756756076791135 0.79461287964708637865 0.054676331174524875345
-0.49250000715256214701 0.71829703856060245215 0.11406540028240885754
-0.49250000715255759509 0.64216218640073075008 0.11420706198383934193
-0.49250000715256303518 0.56602750814525637502 0.1142912719135404237
-0.49250000715255648487 0.4898929153271134318 0.11431803031613928245
-0.49250000715256003758 0.41375831947958913171 0.1142873372693641032
-0.49250000715255976003 0.33762363213595625311 0.11419919268405333279
-0.49250000715255726202 0.26148876482906246999 0.11405359630414625693
-0.59829220570371444143 0.14132275295292417994 0.026114389950560534803
-0.64145948389720530702 0.13125236097883347108 0.016091332074430586552
-0.64174317069857311768 0.12981670981483595106 0.01466962715613479018
-0.56816671896353931892 0.15861860231687716083 0.043263596943281697194
-0.49463287210734258048 0.22788063470646235942 0.11185951911271438397
-0.42109954507202151941 0.16001084800964329724 0.04464138543670316539
-0.34752396519235545513 0.13124999776482582092 0.016087513222082554937
-0.39012987544143701291 0.14089720584060180797 0.025691472239903260372
-0.43571196799458505877 0.18985911251817114143 0.057644262073446340955
-0.4925000071525625911 0.26623329168481402185 0.11406434805072913907
-0.49250000715255404238 0.34243524272286324228 0.11420646399915321267
-0.49250000715256281314 0.41863701908118894357 0.11429102686499920116
-0.49250000715255587425 0.49483870946100844135 0.1143180368943653713
-0.49250000715255182193 0.57104040256313881585 0.11428749416583840193
-0.49250000715255259909 0.64724218708841019243 0.11419939859053898634
-0.49250000715255337624 0.72344415173807741226 0.11405374991211685021
-0.39723728779899480923 0.84653985426966182892 0.035660903767231535988
-0.35198501672661325346 0.85996579255181382351 0.022315285152604200786
-0.3494450953145135097 0.8682514592888600502 0.014108854880861537023
0.68454159302307016066 0.69110314129931860183 0.04258673374187159355
0.67975880273744704319 0.75238430334845607383 0.047339604800935235207
0.68676152102329013349 0.81366696098243151969 0.040387627605567792688
0.70500001311302173956 0.87497215621808543951 0.022275025317267008185
0.68140395782315454909 0.80524004075920729839 0.045696472096895514314
0.58659461981585481194 0.85338310840585629435 0.028888426605381965079
0.55704312375008968594 0.86241881248149998562 0.029246249151314705761
0.5213009807666931783 0.88690695243988726393 0.0037638203562854076131
0.54427965327079308455 0.86106420282677620381 0.026515964574730249009
0.51974523065042588232 0.83522096283061064703 0.0022235326020332820199
0.5877444909155888908 0.85283046968889930639 0.028845684019865387021
0.64980838995614809139 0.80892240843036400388 0.036829288288594649869
0.68156656475230958936 0.70697240992742582666 0.045540217812413054388
0.68763539567483722426 0.6796777725111486923 0.039516417247563252746
0.70454672170295051803 0.64277731685386685356 0.02274131470023043472
0.72304535843191708455 0.62977510523142832266 0.0044128748110531775331
0.39705727667498097455 0.82360004936490094352 0.035547635687230683121
0.344581174649047417 0.75707251959529830998 0.067253627611301450284
0.31366500896028276513 0.68591430271052133971 0.098020241353365844539
0.29398838485439715562 0.6206719162324461081 0.11760242664680170543
0.28302449810442253941 0.55901355656947693262 0.12851463486312941775
0.27948019222094722114 0.49905286864581205331 0.13204372643094994255
0.28295482380386305366 0.4391011183425288511 0.12858843527362290304
0.29384069550847008445 0.37747058902968860794 0.11775845299009193856
0.31342050300428653253 0.31227823363566475923 0.098277468957040162167
0.3442053797083117761 0.24119872966154110028 0.067646799034224269764
0.39495079824822670878 0.17109865975379853764 0.032179120001707042786
0.4696105301990898262 0.11841333844742978065 0.002861527550327143659
0.44775611891366279282 0.14529152569468234413 0.024500893313523095657
0.47041889811635329011 0.17217006007688856473 0.002061088097161115941
0.40953916573284970815 0.1612079905348640374 0.028435242739294236403
0.34819636866538028475 0.23325104049216019431 0.063578120189200323931
0.31335835442066006795 0.31244910271586973094 0.098339305207422095245
0.29157791420161893736 0.38743686047156644658 0.12000972291011002824
0.28077163431769336377 0.46238822588440103845 0.13076000874683196828
0.28093236354090056484 0.53732798500652856344 0.13059727781540494962
0.29206020916267638743 0.61228091090609970681 0.11952142242934533922
0.31416253717188263872 0.68727179099422386344 0.097525111939620476309
0.40201455053611812041 0.82731273996864318487 0.034030461068402073632
0.46680610535044481102 0.832572900325452947 0.0056382057363753594267
0.45096940538333168957 0.85628732146215236209 0.021319020363503162624
0.47038369558972409346 0.88000304509920124207 0.0020957866922770361333
0.54586920242609227039 0.14609383303512141206 0.028088937663192647953
0.52056024712422943601 0.12262572051262606021 0.0030303093232899695753
0.57821235350722044455 0.15279391347528359368 0.031147332924857978192
0.62626133910224734969 0.17571425058703940558 0.03322154949947035002
0.66449808303101209894 0.21230301509139734573 0.032644467933655385572
0.68969246139471540591 0.25974206035914337853 0.02943172307425710385
0.69875001907348643915 0.31456528756828971982 0.023691329835497824258
0.68558940940928392305 0.24892050855544597954 0.030330794069520630035
0.64690901950089430006 0.19255865878329739282 0.033263633117222718427
0.58873462600841364178 0.1562673616068958049 0.031789249275556624719
0.52058553720894773509 0.16956186057452471427 0.0030554190934541773129

Metadata: 
LoopIdx: 0 32 48 74 