16
d -0.49499998986721649441 -99.117391225853054948 100 89.916591272205309338 90.084511301669351724 1
d -0.64247232705821910592 0.86375001072883594855 0.018750002515103069561 90.084511301669138561 269.91548869833087565 1
d -0.64255330839743907134 0.8088474651510483282 0.036152602786452277261 89.915488698330733541 -8.9615407695093107776 0
d -0.55228756755970065395 0.79461287964700111353 0.055228617349075519172 171.03845923049064481 179.82680615850304662 1
d 99.392027200928424691 0.49250000715255126682 100 179.82680615852166284 180.17618480239175938 1
d -0.64496587709025909874 0.18488479431698290334 0.037466037533783358437 0.17618480239176878555 -86.226248640951652646 0
d -0.64142813693662126262 0.13124999776482579317 0.016285306696718977043 93.773751359048645782 257.60362377685618185 1
d -0.64174317069857333973 0.12981670981483417471 0.014817805208215175869 -102.39637622314388921 -90.08409013987943581 1
d -0.49499998986720428196 100.11489122078666014 100 -90.084090139836590083 -89.915488698330648276 1
d -0.34752396519235545513 0.13124999776482582092 0.016250013355638949497 -89.915488698330619854 89.915488698330619854 1
d -0.34745458653890848311 0.17828632390712190192 0.030786363953439602192 -90.084511301669394356 -187.47031469642325874 0
d -0.43571196799458195015 0.18985911251817091938 0.058226527346912401728 -7.4703146964232551852 -0.17350174875911364425 1
d -100.37702721523353944 0.49250000715256347927 100 -0.17350174875911322792 0.17618480239178979652 1
d -0.33920972145545130738 0.80011775507861671031 0.038290457190898595508 -179.82381519760835431 -257.49585684059644564 0
d -0.35248983519142595977 0.85999998450279246942 0.023046667143798143379 -77.495856840596459847 69.746271156536721492 1
d -0.34944509531463091578 0.86825145928820546271 0.014251368567191877168 69.746271156536607805 89.916591272323969974 1

Metadata: 
LoopIdx: 0 