32
-0.42273009373581499348 0.83161201870809164927 0.050460921154115045972
-0.49596109306925895144 0.77098526780360887578 0.11050726670239138794
-0.56919897211455305897 0.83930691177807825731 0.042841579772748474009
-0.64247232705821932797 0.86375001072883594855 0.018562502489951816786
-0.59187716973239334894 0.85209376688665305899 0.030163386337507373108
-0.55228756756076791135 0.79461287964708637865 0.054676331174524875345
-0.49250000715256214701 0.71829703856060245215 0.11406540028240885754
-0.49250000715255759509 0.64216218640073075008 0.11420706198383934193
-0.49250000715256303518 0.56602750814525637502 0.1142912719135404237
-0.49250000715255648487 0.4898929153271134318 0.11431803031613928245
-0.49250000715256003758 0.41375831947958913171 0.1142873372693641032
-0.49250000715255976003 0.33762363213595625311 0.11419919268405333279
-0.49250000715255726202 0.26148876482906246999 0.11405359630414625693
-0.59829220570371444143 0.14132275295292417994 0.026114389950560534803
-0.64145948389720530702 0.13125236097883347108 0.016091332074430586552
-0.64174317069857311768 0.12981670981483595106 0.01466962715613479018
-0.56816671896353931892 0.15861860231687716083 0.043263596943281697194
-0.49463287210734258048 0.22788063470646235942 0.11185951911271438397
-0.42109954507202151941 0.16001084800964329724 0.04464138543670316539
-0.34752396519235545513 0.13124999776482582092 0.016087513222082554937
-0.39012987544143701291 0.14089720584060180797 0.025691472239903260372
-0.43571196799458505877 0.18985911251817114143 0.057644262073446340955
-0.4925000071525625911 0.26623329168481402185 0.11406434805072913907
-0.49250000715255404238 0.34243524272286324228 0.11420646399915321267
-0.49250000715256281314 0.41863701908118894357 0.11429102686499920116
-0.49250000715255587425 0.49483870946100844135 0.1143180368943653713
-0.49250000715255182193 0.57104040256313881585 0.11428749416583840193
-0.49250000715255259909 0.64724218708841019243 0.11419939859053898634
-0.49250000715255337624 0.72344415173807741226 0.11405374991211685021
-0.39723728779899480923 0.84653985426966182892 0.035660903767231535988
-0.35198501672661325346 0.85996579255181382351 0.022315285152604200786
-0.3494450953145135097 0.8682514592888600502 0.014108854880861537023

Metadata: 
LoopIdx: 0 