14
d -0.35158882379011302532 -0.134862963257115831 0.40971314050567075871 135.84617861194718103 230.88135429426191081 1
d -0.60390333696158204901 -0.44512954842914675968 0.0098031913530289473829 -129.11864570573789024 22.647007058125527834 1
d 0.23147034599748259054 -0.096592652696708677929 0.89536373130123836361 -157.35299294187333885 -195.48318963108445701 0
d -0.63950914347244403046 0.14467616387425660807 0.0084149545100880209642 -15.48318963108458135 135.84617861194709576 1
d 0.38660446474332271771 0.34113989692582896707 0.70405265851904907937 -138.14299875407095897 -52.472997921159162615 1
d 0.79479275531717885617 -0.19030267098506312151 0.033941560603688469833 -52.472997921159219459 69.019852439929252341 1
d 0.20600312471820608762 -1.7257420557473652778 1.6784011476352798109 69.019852439929351817 101.2492433667677858 1
d -0.11560672266551806631 -0.10878857271454114852 0.029774003546549465682 101.2492433667677858 221.85700124592872839 1
d 7.0220306671469998605 7.2345302050117830106 10.000000000000001776 -135.45286223313794949 -134.53509474419246317 1
d 0.015134079155494088026 0.1129911741167917566 0.0093584808898400182603 -134.53509474419249159 -46.647541559943604739 1
d -6.8432854108157874506 7.3776315687233848806 10 -46.647541559950219892 -44.367802348852883654 1
d 0.30202353920355090589 0.38828970354007119603 0.0046841120637597212853 -44.367802348853089711 110.53021586765724749 1
d 3.8073938345744653411 -8.9721973987405512219 10 110.53021586769473572 113.01463825400240637 1
d -0.099308785150988482249 0.22488350330079878714 0.0075717426811893308661 113.01463825400240637 224.54713776686054416 1

Metadata: 
LoopIdx: 0 4 8 