52
-0.67545050884603130559 0.069671613159882073152 0.026404932791136311726
-0.69877654917765819054 -0.0057793032725591952231 0.03891232768074626841
-0.71053348065846266834 -0.081118212168613285096 0.046299515405820265701
-0.71135207071548711699 -0.15600853161427397087 0.04883570976454328777
-0.70145925746510451315 -0.23020374320446107541 0.046614127621220018127
-0.68068802241346793025 -0.30343508148173381489 0.039553095068229002229
-0.64848251170779747099 -0.37529952513234765554 0.027395060807513998968
-0.60390333696158204901 -0.44512954842914681519 0.0097051594394985968989
-0.65136406334814500596 -0.36987278593688965866 0.028512012477674642669
-0.68618533265777004182 -0.28750984082380659501 0.041522201535810245032
-0.70675672227326236108 -0.20026495110530703747 0.048088016951054225745
-0.71214134070875956262 -0.11072954786618037504 0.047870308267150850356
-0.70218429079753863498 -0.021655488109749855552 0.040880454282496557494
-0.67752466057864302318 0.064276958973334824554 0.027478930979144573082
-0.63950914347244403046 0.14467616387425660807 0.0083308049649871603048
-0.028343191014271212902 -0.1361383037450663025 0.070899909803457977775
0.051687377724346963981 -0.1579338830638171709 0.10198664038015521627
0.12659405167979539963 -0.17526061480333432474 0.12462866533333109842
0.19802179022535232322 -0.18886183710757870058 0.1400852027331284666
0.26732806595874214484 -0.19923887638812176615 0.14915998034184574372
0.33570476149219291573 -0.20671072529843470544 0.15230419598127775682
0.40427114224433025047 -0.21144794519310947112 0.14967065479181623777
0.47415458111081087988 -0.21348815913660412757 0.14113149266950378302
0.54657207456454848238 -0.2127361228970242879 0.12626336695548395772
0.62292572792614453459 -0.20894798420127685956 0.10429687777806390114
0.70492933705675531186 -0.20169573768815785009 0.074018692438397745703
0.79479275531717874514 -0.19030267098506314927 0.033602144997651746394
0.70259112643506638207 -0.20194565344661977169 0.07497260374359299151
0.61571017114421455751 -0.20943207662405421976 0.10663758454799777964
0.53278070259487420035 -0.21309787869426338736 0.12955383474502543684
0.45262463735812635823 -0.21315463098489467741 0.1443818529631260561
0.37418981163135822676 -0.20970722698596672151 0.15153499891097446661
0.29649753604401346552 -0.20276324971072687275 0.1512087894381334563
0.21859715886241817828 -0.19223541291059956237 0.14339436305300534702
0.13952309963204909127 -0.17793751876336347251 0.12787787516223256268
0.058250209402966379724 -0.1595735327117704383 0.10422574582775230578
-0.02635699021755218141 -0.1367184653000037553 0.071753824785788830609
-0.11560672266551814957 -0.10878857271454112077 0.029476263511083893032
-0.036236945965259427516 0.21237307785886150313 0.043167407750045232173
0.015923026969973851086 0.18943356804697331075 0.063617323161408251275
0.015134079155494075883 0.11299117411679057699 0.0092648960809404486832
0.030740061479033638225 0.21156899829186254225 0.069311018761124401633
0.09823222190883570959 0.25553504550536609852 0.054156292860170970882
0.16593708592293895943 0.29963965304603051854 0.038329305194006318969
0.23386427719126737235 0.34388909000827339035 0.021824798973785485695
0.30202353920355123895 0.38828970354007141808 0.0046372709431217124312
0.24011467386818410863 0.34796075157089662033 0.020274747294972424172
0.17839794866262567719 0.30775696439071426047 0.035348482802801846347
0.11686605318360136774 0.26767357982368872316 0.049862624982461994927
0.055511759252138442866 0.2277058892569058246 0.063821153146901843378
-0.014048605169148267041 0.2079719760867588807 0.055649268611863915435
-0.099308785150989564716 0.22488350330079900918 0.0074960252543763462862

Metadata: 
LoopIdx: 0 15 38 