12
d 0.023678519093569945497 3.0998625606383405362 2.3101480904452813547 -109.01606792449891259 -71.640875612298358988 1
d 0.74928113049415401292 0.91341392156482914544 0.0064430743944511332383 -71.640875612298458464 99.972589998013788204 1
d 0.032365137055277042044 4.9906515318826034644 4.1333437646394433074 -80.027410001989153443 -100.57166644447653425 0
d -0.7270710771519426352 0.92151211679199107607 0.0060570305111501600986 79.428333555523906284 250.98393207550282114 1
d -2.5533304984580729169 -0.12822074559323534682 1.796752194416242121 22.036856690828606986 -20.866530277858380771 0
d -0.86364963654671400572 -0.77231640875583817962 0.011528933731255396403 159.13346972214148423 322.46603599575263388 1
d -1.7133134552083790769 -0.11954584450874781998 1.0829942921494299934 -37.533964004246584523 38.695332723550244225 1
d -0.87710172483787096631 0.55027424794578838618 0.011589133367261889029 38.695332723550151854 202.03685669082869936 1
d 0.697015916652479528 -0.35797062378744659572 0.73339995862433726703 90.07505840965015409 202.70650279033290531 1
d 0.093720676212380074621 -0.61041494568409104815 0.079417326748280503423 -157.29349720966706627 -65.361491105305475457 1
d -0.32888054474774225389 0.31098951342092795436 1.0931125320321957162 -65.361491105305418614 -0.20357188949819285395 1
d 0.69614433840272427201 0.30734758495643138554 0.068081178989485985342 -0.20357188949817439649 90.075058409650111457 1

Metadata: 
LoopIdx: 0 4 8 