96
-0.64117527053503575729 0.90019268870787738646 0.012075268461657117161
-0.55494636563783794614 0.8815013000584174252 0.017390167648641173537
-0.46842954777805673183 0.86542886734612911592 0.021943856895039765692
-0.38166892215512354669 0.85196753349048670589 0.025738677604318530717
-0.29470768103613026456 0.84111071082151300793 0.028776601188541531956
-0.20758826960316420496 0.83285311645728765662 0.031059219012295954943
-0.12035255067776194637 0.82719080039678272165 0.03258773445136641661
-0.033041968557399561957 0.82412116659274214925 0.033362956989575469346
0.054302287786375115497 0.82364298720329787162 0.033385298296396581641
0.14163912188815447335 0.82575641015552792012 0.032654770246989581195
0.22892736708081290464 0.83046296008906517194 0.03117098486523622175
0.31612562363083929196 0.83776553268290354648 0.028933156189204684711
0.40319209544962059111 0.84766838230363406037 0.02594010407736528287
0.49008442611899011299 0.8601771028481439707 0.022190259992765071911
0.5767595339789198805 0.87529860158832428763 0.017681674821432954298
0.66317344603906291933 0.89304106575916653021 0.012412028800448740573
0.74928113049415412394 0.91341392156482914544 0.0063786436505065971861
0.65870178002102330872 0.89205693434665744856 0.012703894179178144841
0.56741752024391678422 0.8735407148343603545 0.018204821902751331525
0.47552781006413419318 0.85789744502998732667 0.022871944974420601454
0.38313376977982060989 0.84515448510047508357 0.026697180108055648673
0.29033791368729278126 0.83533426083983386423 0.029673875628134775695
0.19724387462542458671 0.8284541707472765637 0.031796838831854981611
0.10395612200668213898 0.82452651343752580981 0.033062357453292848253
0.010579674943005185073 0.82355843594691025 0.033468215063730828718
-0.082780187876278152337 0.82555190333926553592 0.033013700288573318009
-0.17601821986463234149 0.83050368985099320973 0.031699609769058209596
-0.26902949807091258716 0.83840539164698135721 0.029528244845663863954
-0.36170971285994762967 0.8492434610904852077 0.02650340198907766634
-0.4539554540549988193 0.86299926226270895491 0.022630357053252291716
-0.5456644918911122133 0.87964914730369980767 0.017915843472798027164
-0.63673605117975295986 0.89916455298738018342 0.012368024573143237763
-0.7270710771519426352 0.92151211679199107607 0.0059964602060386326676
-0.8335679200528196553 0.46987756058112689628 0.023805226041746178206
-0.79543022245145622584 0.3863716812251116739 0.034569642899047146878
-0.76299249136183189268 0.3001534465194830581 0.043679927190131952186
-0.73651839811607811015 0.21165359318895740626 0.051061220139344457025
-0.71622646402640022245 0.12133206051220385424 0.05665178854112010165
-0.70228583952188672335 0.02967251709949182345 0.060404227343682947993
-0.69481297499150129759 -0.062823759817267982308 0.062286402793718144422
-0.69386930530813906159 -0.15564449449419351379 0.062282101389410406134
-0.69946003434610792837 -0.24827333092721673435 0.060391360257016780955
-0.7115340650058892269 -0.34019686318948505477 0.056630466392113748553
-0.72998507672583590189 -0.43091157644954708461 0.051031624794470938078
-0.75465370883074345265 -0.51993050175821575731 0.04364230811155638684
-0.78533076698917525515 -0.60678940168660477905 0.034524312226510672774
-0.82176133394553141365 -0.69105232636137980951 0.023752552586142797186
-0.86364963654671411675 -0.77231640875583840167 0.011413644393942582247
-0.82263021794573065737 -0.69288412258348086592 0.023496172261328010511
-0.78738102033716750316 -0.61198276412028151938 0.033916749487131851726
-0.75782805994855240161 -0.52987641234567950388 0.042695953647659712349
-0.7339045405061748184 -0.44680752188266575908 0.04985235119358188971
-0.71555292935200365267 -0.36300073978071251135 0.055401886523597065892
-0.70272654141682999729 -0.27866663198687424696 0.059357413449337828593
-0.69539069668077269082 -0.19400532387088220698 0.06172835008545430463
-0.69352350149724073525 -0.10921006834355487247 0.062520442576825013825
-0.69711628929609703587 -0.024470761408934043474 0.06173562734744485192
-0.70617374170002822353 0.060022571112327019471 0.059371985725968627612
-0.72071369687564357243 0.14407629014901615627 0.055423788901822264308
-0.74076663783689589149 0.22748963783677422779 0.049881635239155987238
-0.766374839246885875 0.31005118655448410392 0.042732686074614278926
-0.79759113686727622916 0.3915352234123326558 0.033961010294912073737
-0.8344772690791124603 0.47169805765879663229 0.023548052262301527593
-0.87710172483787107733 0.55027424794578871925 0.011473242033589006392
0.62324883272086406549 0.23304542628427538098 0.13642013552428108869
0.5639397649725105266 0.16972276105910125144 0.18729346892498727195
0.51408529483473541788 0.1138125338679142895 0.22511915014817154845
0.47101070558783963982 0.062946432670535096277 0.25308883663036452205
0.43289327593761078861 0.015444651044196788803 0.27325621747641631876
0.39843174270431513939 -0.02996720854602971662 0.28694906317728957612
0.3666537786477731542 -0.074328741505385237387 0.29499870024280849812
0.33679675804854108945 -0.11855802952271468631 0.29786808948385107287
0.30822868160628347223 -0.16353711411051535807 0.2957177259359533017
0.280390832581223437 -0.21018803384924061861 0.28842755454146240535
0.25275061766511452976 -0.25955402560093865372 0.27558062212073430874
0.22475575265384761803 -0.31290175528008185024 0.25640421460182549751
0.19578068992827046824 -0.37186726814362358606 0.22965240680983123323
0.16505255092117734894 -0.43868438791780461905 0.19339468189835462564
0.13153433070229708646 -0.51656935816440197051 0.14463753245312632734
0.093720676212379977477 -0.61041494568409127019 0.078623153480797541848
0.093720676212380074621 -0.61041494568409104815 0.078623153480797722259
0.13317659365301076635 -0.51263430866968373589 0.14724551330904714352
0.16932954406727263041 -0.42911920501295885977 0.19892927908029719997
0.20346604403396700844 -0.35584757582612380755 0.23744706459077771776
0.23655908447707060804 -0.2899842171801425561 0.26527158284698121316
0.26940569549519277626 -0.22942922136848445391 0.28401860541421536377
0.30271643073779613831 -0.17254364767512955781 0.29469937638907500732
0.33718148424577565336 -0.11797081820019469922 0.29786294761551085353
0.37352805534768440676 -0.064509209247590071357 0.29366823162685773418
0.41257967403937162443 -0.011010525715762303767 0.28190415453545930591
0.45532798915031408304 0.043715814494034957449 0.26196281907407331646
0.50303062176988189158 0.10100908240062153598 0.23275911610639221649
0.55735638743775173243 0.16249594328671784771 0.19257606603659527256
0.62061528631799867117 0.23029495224591711722 0.13879194742122527573
0.69614433840272416099 0.30734758495643133003 0.067400367199591207368
0.69614433840272460507 0.30734758495643194065 0.067400367199590471845

Metadata: 
LoopIdx: 0 33 64 