12
d -0.30048558720262069643 -0.018385761706312835073 0.53300015501359687686 130.73196055866762322 286.20400139357496982 1
d -0.1569965648496797761 -0.51214950320826180263 0.018809789528394176006 -73.795998606425072808 79.874773279977418383 1
d -0.042828538181038246224 0.12715565707015752395 0.63060950974752594256 -100.12522672002208424 -202.53698681396755887 0
d -0.63875773180635908588 0.37444843262099969383 0.014592257651296659804 -22.536986813967576637 130.73196055866785059 1
d 0.39624255404650027268 -0.47481114604625379583 0.38876677078441029822 171.71554412817715729 349.49026083480208626 1
d 1.0293262175480277776 -0.59225757951473267937 0.25511877007435224129 169.49026083480214311 139.57404239816364111 0
d 0.46956238674215294848 -0.11542376592582721806 0.48020838980770130799 -40.425957601836380206 193.56106620025727238 1
d -0.48713463063061474001 -0.34618509936719044084 0.50392573522891470628 13.56106620025726528 -8.2844558718228054062 0
d 0.1175879964046642745 0.45045780921034372923 0.40258825314429685926 55.463880506586406227 173.57457103190242265 1
d -0.26859655571083390635 0.49394890849278855205 0.013962489704141736041 173.57457103190233738 320.54708437559480672 1
d 0.32762356419139782027 0.0032853159137110395788 0.75819629737196125863 140.54708437559455092 89.123977814455642488 0
d 0.33938911282399042424 0.77274499591233003493 0.011353328888881613484 -90.876022185544343301 55.463880506586527019 1

Metadata: 
LoopIdx: 0 4 8 