84
-0.68504745219144735913 0.29919832732771139971 0.033911703685442787237
-0.71828733397164490349 0.22122124647884580662 0.050854026851750930294
-0.73912999664903666908 0.1422831668663059046 0.06519769326871842352
-0.74830256621796065186 0.063804270207206525978 0.076926243239076957936
-0.7465285667126788649 -0.013068202700741927275 0.086056224849894100148
-0.73448106826710923833 -0.087387729149553380892 0.092617980214739353828
-0.71275927762400592691 -0.15834167331076898222 0.096642238274816619215
-0.68188247709914773242 -0.22519148821919371395 0.09815138153602476212
-0.64229717897043425712 -0.28721993187942251868 0.097154478358996640419
-0.59439520284019220497 -0.34368464589540559384 0.09364549757725693091
-0.53854197571175987935 -0.39377754074933912776 0.08760448310433291419
-0.47511566277093197908 -0.43659009900839507168 0.079001835589615876376
-0.40455871892759054376 -0.47108590929218507881 0.067806212250492589599
-0.32744398047755429726 -0.49608352121045812266 0.053996892126469533957
-0.24455721028093771463 -0.51025511901443199037 0.037581706967809935804
-0.15699656484967980385 -0.51214950320826180263 0.01862169163311024403
-0.24980043387349784578 -0.50972281250201001424 0.038665185476648711305
-0.34319519529000969138 -0.49195071110712584872 0.056938039334112518219
-0.43404550992168544621 -0.45814928573085444974 0.07266825364344485505
-0.51893000648530951402 -0.40840205343627489221 0.085116154775002325628
-0.59439359893841414717 -0.34368629557861585244 0.093645350253136500074
-0.65725162233788236854 -0.2659022709143880614 0.097793017206869670144
-0.7048976530392278006 -0.17778191988894198605 0.097326076266753810962
-0.73555771667233449396 -0.082679813053987000204 0.092271031541176176671
-0.74844113545188750702 0.015721716921147581986 0.082910526036642978598
-0.74376162209708784889 0.11373993307841416545 0.069747430101037066752
-0.72263324536755946248 0.20799282033101504363 0.053444748053590847292
-0.6868731630826253598 0.29562701682290798422 0.03475415034023719707
-0.63875773180635908588 0.37444843262099969383 0.014446335074783668226
0.39624255404649977308 -0.47481114604625385134 0.38487910307656569842
0.39624255404650021717 -0.47481114604625385134 0.38487910307656614251
0.39624255404650027268 -0.47481114604625385134 0.38487910307656619802
0.39624255404650027268 -0.47481114604625379583 0.38487910307656619802
0.39624255404650021717 -0.47481114604625385134 0.38487910307656614251
0.39624255404650021717 -0.47481114604625385134 0.38487910307656614251
0.39624255404650032819 -0.47481114604625390685 0.38487910307656614251
0.39624255404650027268 -0.47481114604625385134 0.38487910307656614251
0.39624255404650032819 -0.47481114604625390685 0.38487910307656608699
0.39624255404650027268 -0.47481114604625379583 0.38487910307656614251
0.39624255404650027268 -0.47481114604625379583 0.38487910307656619802
0.39624255404650027268 -0.47481114604625379583 0.38487910307656619802
0.39624255404650032819 -0.47481114604625385134 0.38487910307656608699
0.41610984060992600719 -0.36320721605715833302 0.39548432596833177355
0.43994852515099280854 -0.24572624555647587519 0.42429855957685924661
0.46956238674215450279 -0.1154237659258280646 0.47540630590962257296
0.46956238674215300399 -0.11542376592582728745 0.47540630590962418278
0.46956238674215294848 -0.11542376592582723194 0.47540630590962423829
0.4695623867421530595 -0.11542376592582720418 0.47540630590962418278
0.46956238674215294848 -0.11542376592582721806 0.4754063059096242938
0.4695623867421530595 -0.1154237659258271903 0.47540630590962423829
0.46956238674215294848 -0.11542376592582714867 0.47540630590962423829
0.46956238674215289297 -0.11542376592582725969 0.47540630590962434932
0.46956238674215300399 -0.11542376592582714867 0.47540630590962423829
0.46956238674215294848 -0.11542376592582720418 0.4754063059096242938
0.46956238674215294848 -0.11542376592582720418 0.4754063059096242938
0.46956238674215294848 -0.11542376592582720418 0.4754063059096242938
0.46956238674215289297 -0.11542376592582720418 0.4754063059096242938
0.46956238674215300399 -0.11542376592582720418 0.4754063059096242938
0.46956238674215294848 -0.11542376592582720418 0.4754063059096242938
0.46956238674215294848 -0.11542376592582720418 0.4754063059096242938
0.46956238674215283746 -0.11542376592582717643 0.47540630590962418278
0.46956238674215267093 -0.11542376592582713479 0.47540630590962401625
0.46956238674215283746 -0.11542376592582720418 0.47540630590962418278
0.46956238674215294848 -0.11542376592582720418 0.4754063059096242938
0.44029053887270547252 -0.24413676123720787214 0.42480596839936329845
0.41634052245556008032 -0.36199656720987816172 0.3956908856865906654
0.26041703396226095757 0.79148273140249303381 0.032532537527587952753
0.18453921746474138965 0.79767424588361079962 0.048486107962048712039
0.11222721667801446865 0.79281560347919399767 0.059586605888416008248
0.043732772357825508425 0.77796188284563627668 0.066191322730186852308
-0.020763037034403852843 0.75377168941802463742 0.068519000668039495294
-0.081037535061915189072 0.7205542671761070439 0.06664769059892700076
-0.13673096505981718884 0.67831396554494016726 0.060514606896890983656
-0.1872519997390921509 0.6267948633220670196 0.049916219735374807442
-0.23167168458562570343 0.56553513335240646054 0.034509990449334684848
-0.26859655571083390635 0.49394890849278849654 0.01382286480710027271
-0.22612208584323537086 0.57432355089309905516 0.036867604706976274398
-0.16948697538280652064 0.64667290102240237992 0.054315010582122368044
-0.099985714262906241756 0.70759160414709387776 0.065098232328700517124
-0.019898411207211988416 0.75416851339011148347 0.068515458341927210073
0.067682276900645876871 0.78434978096262253366 0.064337388766784339711
0.15916835696227055186 0.79718404741051096529 0.052843922697801311295
0.25087172302638000021 0.79289092411712625008 0.034779478400215606271
0.33938911282399031322 0.77274499591233003493 0.011239795599992895986

Metadata: 
LoopIdx: 0 29 66 