16
d 99.505297148121982787 0.11875000596045835743 100 179.62803551693798454 180.37079595344840754 1
d -0.47588321169802960675 -0.52829825793216644847 0.016725910787128345225 -179.62920404655173456 -90.078584708527316138 1
d -0.3387500047683654758 99.454881787924691139 100.00000000000001421 -90.078584708524445546 -89.920241553205542573 1
d -0.1995657089437329057 -0.53035983424553168053 0.014661502238426396549 -89.920241553205542573 -0.3719696917187103602 1
d -100.18279715765872595 0.11875000596047059764 100 -0.37196969171844768143 0.37090012657691912024 1
d -0.20143476038419894092 0.76598123808293405723 0.016542692888558120645 0.37090012657706245003 89.921311118402229567 1
d -0.33875000476837768826 -99.217381776003762184 100.00000000000001421 89.921311118347063029 90.079753238138053462 1
d -0.47792519836193436689 0.76785069739478983841 0.014670663671556472343 90.07975323813802504 179.62803551695759552 1
d 100.21486797224879695 0.59749999642371520725 100 179.91617432944929078 180.08379511134285167 1
d 0.23130135362152426381 0.45127386699805810411 0.016326453453387852754 -179.91620488865714833 -90.180482047173640581 1
d 0.54625000059605255398 100.4344513680765516 99.999999999999985789 -90.18048204709182869 -89.828721118086761521 1
d 0.84509057281228194825 0.46735478220314896625 0.032456739715032108251 -89.828721118086832576 -0.074591946164274752773 1
d -99.12236797105670405 0.5974999964237274197 100 -0.074591946164341865755 0.084720797998174349197 1
d 0.86281914200466203191 0.74534388799513973112 0.01470358172575136034 0.084720797998034905185 89.818592266256516154 1
d 0.54625000059604034153 -99.239451375229108976 99.999999999999985789 89.818592266252892387 90.180512606299643608 1
d 0.23124785792868224332 0.74377953134404661828 0.016272879698002399446 90.180512606299700451 179.91617432947271027 1

Metadata: 
LoopIdx: 0 8 