60
-0.38529815152511437404 0.67475003939547828491 0.1067787658603303047
-0.33875000476837702212 0.58203569083636741421 0.15332922843044213823
-0.3387500047683744131 0.48958122792980784954 0.15371155456938107031
-0.33875000476837002772 0.39712740095228543646 0.15400912505167849154
-0.33875000476836847341 0.30467405135436326225 0.15422194115306486761
-0.33875000476837280328 0.21222102058961286875 0.15435000378593230486
-0.33875000476836769625 0.11976815011379281228 0.15439331349927634673
-0.33875000476837013874 0.027315281384027105538 0.15435187047879184163
-0.33875000476837463514 -0.06513774414285855574 0.15422567454680258248
-0.33875000476837313634 -0.15759108501093671562 0.15401472516228206788
-0.33875000476836952812 -0.25004489976644295179 0.15371902142086169007
-0.33875000476836969465 -0.34249934695895217773 0.15333856205480295154
-0.38325996928732197766 -0.43520142381134913068 0.1088078029629825777
-0.47588321169806824251 -0.52829825793220530628 0.016558651679202805729
-0.40675723011032310916 -0.4588188284302909814 0.085413476372723784458
-0.33772729846418908517 -0.39149181098611840479 0.15209013189299611102
-0.2686945431527119621 -0.4608775375366674365 0.083373953863910041373
-0.19956570894373296121 -0.53035983424553156951 0.014514887216042229867
-0.29220640064716102424 -0.43724546161206351291 0.1067832881592164912
-0.33875000476837086039 -0.34451752523852824384 0.15332931182030262729
-0.33875000476837657803 -0.25204944732003542462 0.15371167137587710139
-0.33875000476837535679 -0.1595820054634846108 0.15400925031056189596
-0.33875000476837047181 -0.067115041049206375368 0.15422204990050528139
-0.33875000476837002772 0.025351604539192034576 0.15435007105829190444
-0.33875000476836969465 0.11781808991591632974 0.15439331433292047269
-0.33875000476837002772 0.21028457369407255184 0.1543517799098410026
-0.33875000476836353291 0.3027512144867560151 0.15422546761092967293
-0.33875000476837618946 0.39521817090813904372 0.15401437689451408231
-0.33875000476837369145 0.48768560157456014581 0.15371850685534513281
-0.33875000476837435759 0.58015366510561150459 0.15333785622460111009
-0.2940719693386571465 0.67287036600604921421 0.10864048772697350309
-0.20143476038419724783 0.76598123808293583359 0.016377265959670178619
-0.27060416896974276435 0.69645815953672363108 0.085275456912908983997
-0.33967740321027967143 0.62889602772632813288 0.15218497004333397804
-0.40875320137010895394 0.698325017207534815 0.083425997044079963638
-0.47792519836193447791 0.76785069739478994943 0.014523957034840774896
0.30455156156012541668 0.67059942385105975049 0.088760279223609503396
0.37774777939293907592 0.59752662092671748884 0.16125100906918923838
0.30460497875455477823 0.52445389612499448972 0.088813200844519393784
0.23130135362152423606 0.45127386699805804859 0.016163188918853932385
0.30821430730240229057 0.52805713904483164711 0.092388978966269227899
0.3849972734190165724 0.59749999642371809383 0.16128921985372063341
0.46161459593799597512 0.59749999642371776076 0.16138262656149229834
0.53823181876676484681 0.59749999642372109143 0.16141782330230347586
0.61484903215109754093 0.59749999642371287578 0.16139481017982193478
0.69146632633672422408 0.59749999642372375597 0.16131358712625620822
0.76820241471466732541 0.54411330047407158172 0.10832119444234304673
0.84509057281230937075 0.46735478220312154374 0.032132172317843321618
0.77544013292772362433 0.53688778565564165834 0.1011517729455004011
0.7235659306201454033 0.60632546910189921707 0.15252505119460277316
0.79314397877813391791 0.67578620288628699075 0.083612806801069750051
0.86281914200466192089 0.7453438879951396201 0.014556545908493992436
0.7836840136940520507 0.6663421880898149352 0.092985053764887540262
0.70469006273156331588 0.59749999642373075037 0.16129367810135775141
0.62585991823666509148 0.59749999642372531028 0.16138671902585702278
0.54702987300727534681 0.59749999642372264574 0.16141813904817417513
0.46819982875030674574 0.59749999642372153552 0.16138793826624933669
0.38936968717265529882 0.59749999642372153552 0.16129611658596035295
0.31038050412141748868 0.66478030937152909896 0.094534978264079902455
0.23124785792867463829 0.7437795313440541678 0.016110150901011748015

Metadata: 
LoopIdx: 0 36 