34
d -0.34499999880790771511 -9.5747371721946024081 10 89.636577813135161819 90.373858187346911564 1
d -0.41061039231262153049 0.48026607794184317246 0.05521730665182152803 -89.626141812653088436 -100.28345338693149813 0
d -0.42267856822938748573 0.41375000774860376529 0.012384678998823095072 79.71654661306850187 289.34244153630078245 1
d -0.41603263678416857463 0.39481717691906365042 0.0076807262548600260116 109.34244153630071139 89.922523122010360908 0
d -0.40249998867511688205 10.402488753569056001 10 -90.07747687798877223 -89.922227324231499779 1
d -0.38892419977025532996 0.40109787430566562483 0.001400093079834536158 90.077772675767789679 -0.97306717368938988599 0
d 9.6110335762321419395 0.23125000111758647892 10 179.02693282633674698 180.96902379420541251 1
d -0.3896291089768850191 0.062096107509833256555 0.0020931400909721745163 0.96902379420547346545 -90.073729296320109938 0
d -0.4024999886751181033 -9.9399887513338818223 10 89.926270703689311858 90.077960054852411531 1
d -0.41612615118561446792 0.074384923503270500289 0.014382945123284768957 -89.922039945147503204 -99.026723974590140642 0
d -0.42000000365077672093 0.0499999988824129174 0.01030776733477828562 80.973276025410072521 273.88316904760159787 1
d -0.4121025572502142742 -0.066347581639751879168 0.10630753677669491086 93.883169047601697343 89.619572071313427841 0
d -0.34499999880790649387 10.039737183221461692 10 -90.380427928684895278 -89.624393309790292506 1
d -0.27906198600821846556 -0.018432229403801084211 0.058385544141882829428 90.375606690209707494 80.919656729386943539 0
d -0.26812499730537669995 0.049999998882412924339 0.010915159967834533669 -99.080343270613084883 102.99394256173530948 1
d -0.27092469731521107157 0.062132683881797205749 0.0015363606396796751843 -77.00605743826555738 -181.03332589587910206 0
d -10.270834557037231249 0.24250000528991283444 10 -1.0333258958777007397 0.99373026809297859696 1
d -0.28163023146295990129 0.41576879110863135258 0.0092930615390975548212 0.99373026809309339402 89.636577813136938175 1
d 9.7699936676959779902 0.41625000536441741916 10 179.94493825631698769 180.05801201050897475 1
d -0.22849403799799047898 0.40612652721307029857 0.0015071692917980124456 -179.94198798949071261 -106.9870837696606003 1
d -0.24664466900352965961 0.34671058616183847434 0.060619310223000613669 73.012916230338817059 15.681134655471495876 0
d -0.20810616119311781125 0.35752958156342917739 0.020590979683833544184 15.681134655471558048 -0.33609204700829781176 0
d 9.812312420062752949 0.29875000566244064304 10 179.66390795298806893 180.34879192165379891 1
d -0.21389100074841821408 0.23771406223075891573 0.02638920159576902541 0.34879192165381922575 -2.3875469276609693203 0
d -0.21965910628561780005 0.23795456160938466272 0.032162318729466565781 -2.3875469276609688762 -103.43663029495874639 0
d -0.22767416761556763527 0.20440601010271142179 0.0023303836337691271295 76.563369705041239399 179.92460400213002458 1
d 9.7699867926949277575 0.19124999642372070285 10 179.92460400218340055 180.0846805954155343 1
d -0.22852441895673486494 0.17647263400104579167 0.0014778682065132999705 -179.91531940458418148 -90.199272587125847167 1
d -0.19375000149011550876 10.174934293669197771 10 -90.199272587129826206 -89.81265084192156678 1
d -0.16112106437087650446 0.19627336339519360631 0.021285723655858075631 -89.812650841921552569 -70.007191365999815957 1
d -0.19931451585550777339 0.30125000327825546265 0.1329944281396490402 -70.007191365999915433 68.132866027362723571 1
d -0.16451948736444904631 0.38794902769028738465 0.039573794221377592284 68.13286602736270936 89.831855840125911072 1
d -0.19375000149011673001 -9.5724342871126868459 10 89.831855840126294765 90.198301625212707222 1
d -0.22835439371757196292 0.4258585079865510048 0.0016473216586943397258 90.1983016252126788 179.94493825626170747 1

Metadata: 
LoopIdx: 0 18 