46
-0.3245727248671878562 0.37235127176563470597 0.052361675591617931613
-0.36731144458790782048 0.40472326645381800914 0.020309473922616661651
-0.41636423122427940191 0.41389636859846534733 0.011287333278589621946
-0.42267856822938748573 0.41375000774860376529 0.012260832208834867088
-0.41927450993632453535 0.41391841946014040765 0.011576732735551528708
-0.4024742046294370601 0.41379311445174116191 0.011191317240911401176
-0.37824078601560967572 0.4116156415927723633 0.013455944735142704588
-0.32984627378742487069 0.33269075366426470453 0.058016566328304208788
-0.32988440830355980626 0.26529651900324352498 0.058433475772942528037
-0.32992254134146026257 0.1979048967920090385 0.05839807800584189551
-0.32996067640625448281 0.1305096924995296781 0.057910364892588064856
-0.37941346983758850175 0.052038861986647824698 0.012119967741840270356
-0.40286882083868991167 0.049958017506860415147 0.0099526921070496980615
-0.4180388063081303951 0.049942619421936076951 0.010032738342454345509
-0.42000000365077672093 0.0499999988824129174 0.010204689661430500075
-0.41565867936579431463 0.049954091492270785713 0.0099480059957177558588
-0.36736744952513156193 0.060026742127749832534 0.020061848008004971866
-0.32353980686418859491 0.091316772071341145711 0.051040878071849378472
-0.27382688703219421056 0.050351451677119379857 0.010491099231706178807
-0.26812499730537669995 0.049999998882412924339 0.010806008368156184984
-0.27932764249488095665 0.051763199698377060365 0.011692283774044093941
-0.3299589550440668595 0.13355181546105099333 0.057942126706083396659
-0.3299191518379028798 0.20389508681515855493 0.058419538847336881238
-0.32987935050044381313 0.27423505565188183164 0.05840419744289247761
-0.32983954704608697828 0.34457876563233386102 0.057896098652054660272
-0.28163023146296034538 0.41576879110863090849 0.0092001309237071948743
-0.21846403379464507388 0.41599284318200224764 0.011426872246946814804
-0.22849403799799042347 0.40612652721307035408 0.0014920975988800891376
-0.18709825100091490024 0.40491499220831966843 0.022422018333964229692
-0.14195307445357047138 0.36644152531967183473 0.045698105880468367634
-0.12790245645077868986 0.31745174078149684949 0.059169855271920868134
-0.12888678489183105769 0.27784289704908005092 0.05819102233442963179
-0.14142788565533379042 0.23642469912491922979 0.04562452981121917911
-0.18773084994425362493 0.19571932033262756656 0.020575379267446427395
-0.22767416761556763527 0.20440601010271144955 0.0023070797974314091738
-0.21452807102063370381 0.19044101709120689336 0.015330252476198536274
-0.22852441895673489269 0.17647263400104576392 0.0014630895244481286876
-0.19478857346840500187 0.19361254378985362501 0.018491414127262441325
-0.16112106437087678201 0.19627336339519516062 0.021072866419301044399
-0.13780962449681721793 0.24512929091057170106 0.049236142033681186414
-0.12820894654622233544 0.28252791863639392655 0.058870742896711465708
-0.12791587438194479409 0.31757210744864333707 0.059156346626960544521
-0.13678012499897268528 0.354668582695985668 0.050242808716206989461
-0.16354569698336743344 0.39295052373897632059 0.034133597720928429697
-0.19637672379176349113 0.40851714039978748172 0.018857744577173856521
-0.22835439371757193516 0.42585850798655094929 0.0016308484421074533575

Metadata: 
LoopIdx: 0 26 