372
-0.87789741011934863124 0.76796745860155246621 0.032796980677283205097
-0.87800826887873406612 0.68341724156142247271 0.033186767568555604335
-0.87808334755078265577 0.59886799217833597275 0.033470335169763339167
-0.87812264701949604984 0.51431940789334129605 0.033647686322262615466
-0.87812616781032837299 0.42977118615773318711 0.033718822803116825504
-0.8780939100902436234 0.3452230244281077054 0.033683745325114970715
-0.87802587366767226307 0.26067462016194875574 0.03354245353679244368
-0.87792205799259726007 0.17612567081306007566 0.033294946022391552765
-0.87778246215644140094 0.091575873826952855494 0.032941220301878376686
-0.87759876509374779019 -0.039985417961087219019 0.032283215573397486264
-0.87776494374832747525 -0.17120139533887773764 0.032839346957383427905
-0.87788681400742574201 -0.25540638427614853478 0.033134448395974444579
-0.87797319576944676811 -0.33961069496585255534 0.03332419697076618309
-0.87802408974936541064 -0.42381462627309707258 0.033408594567581530177
-0.87803949630944555516 -0.50801847705729774596 0.033387642025201100249
-0.87801941545929329536 -0.59222254617658787179 0.03326133913538686232
-0.87796384685578543472 -0.67642713249236052775 0.033029684642890910773
-0.87787233472365555631 -0.76063253215835524568 0.032693126782107187478
-0.86975277436263020991 -0.84477788625434213632 0.040164076471850801431
-0.78739155012172068471 -0.84411782422779246815 0.041425185485856406975
-0.70503811767722612824 -0.84422398604789750109 0.041793300915165226828
-0.62268557422734716056 -0.84429619405352729355 0.042060630387690992049
-0.54033364010640960728 -0.84433444904047483259 0.042227176445504228941
-0.45798203565747686028 -0.84433875148166337432 0.042292940672295969984
-0.37563048122832332076 -0.84430910152711635686 0.042257923693439308765
-0.29327869716739640715 -0.84424549900403900171 0.042122125175940050568
-0.21092640381983440712 -0.84414794341678456302 0.041885543828487963036
-0.12857332152338435405 -0.84401643394680236909 0.041548177401406066744
-0.0025036009428934620155 -0.84384747116895364449 0.040933987171127950155
0.12157575291984457078 -0.84400818645727049283 0.041521881254297343666
0.20193859136771788454 -0.84413470369291976336 0.04184372123624528067
0.28230069555629022648 -0.84422888841219378975 0.042069588759551336532
0.36266232535754949762 -0.84429074136265047645 0.042199485869434498475
0.44302374063701199791 -0.84432026299904250344 0.042233413742115137601
0.52338520125717435949 -0.84431745348336495471 0.04217137268480792428
0.60374696708112096655 -0.84428231268484932315 0.042013362135750756399
0.68410929797610908754 -0.84421484017999426364 0.041759380664139027217
0.7644724538171213668 -0.84411503525251740943 0.041409425970154421781
0.84482329426121416383 -0.84231902859076390744 0.042610777924406491313
0.85415636296767361024 -0.76096870812689132446 0.0339623155241260688
0.85426752750469747699 -0.6795445643194919505 0.034312472041399533218
0.8543455076406220039 -0.59812124870490113171 0.03456411683834571813
0.85439030414069150332 -0.5166984910481365878 0.034717252253568142706
0.85440191746178595356 -0.43527602112205482365 0.034771879710152317489
0.85438034775234772411 -0.3538535687035477828 0.034727999715799748315
0.85432559485252979048 -0.27243086356974066664 0.034585611862681123196
0.85423765829401054894 -0.19100763549418917076 0.034344714827607737695
0.85411653730016856567 -0.1095836142430770821 0.034005306371827664913
0.85372909735485569271 0.014996622440611369689 0.033622110958138044789
0.85392119299650670605 0.14645717469146604661 0.034216556418268491424
0.85406620431295043883 0.23475970519157454697 0.03453557809775564813
0.85417218743753176025 0.32306147555358749601 0.034738741391137577252
0.85423914326483629811 0.41136283044626958949 0.034826048518926365494
0.85426707226282760921 0.49966411453141601484 0.034797500435388463436
0.85425597447297929588 0.58796567246955699915 0.034653096828483151426
0.85420584951015632313 0.67626784892566160767 0.034392836119922165494
0.85411669656269473272 0.76457098857484262489 0.0340167154650896017
0.84529354331866035643 0.85280619671092561251 0.042133025036776669547
0.76293726015865370726 0.86038433452665086243 0.035237328945178704454
0.68052073259019052465 0.86050055832547611701 0.035594584832307055167
0.59810505858306750593 0.86058278254324205303 0.035850910879251698948
0.51568995788829408156 0.86063100798809555325 0.036006309526658758502
0.43327515026520380115 0.86064523514446544805 0.036060782254136884706
0.35086035547732496997 0.8606254641730468613 0.036014329580357135052
0.26844529328836275184 0.86057169491081364487 0.035866951063028326696
0.18602968345818077234 0.8604839268710426925 0.035618645298887315065
0.1036132457386719774 0.86036215924328884874 0.035269409923641317772
-0.022496062085112608631 0.85998970236615024376 0.034853292736159523224
-0.14632314564143969471 0.86016451329782817048 0.035422567947425688539
-0.22645586535365486158 0.86030031291229758228 0.035732482331553808153
-0.3065878897666735603 0.86040397078715424861 0.035946982968557562865
-0.38671947647221727173 0.86047548767375414691 0.036066071789214261545
-0.46685088305598354541 0.86051486403412513759 0.036089749865471747181
-0.54698236710115621939 0.86052210004101215013 0.036018017410448070759
-0.6271141861919170557 0.86049719557782822221 0.035850873778494427024
-0.70724659791695576594 0.860440150238710455 0.035588317465073696089
-0.78737985987298175772 0.86035096332846849876 0.035230346106855506272
-0.86745160011264244027 0.85243133868871590053 0.042497517679515581235
-0.69270109145269542772 0.46455457066251265585 0.024563262214268164613
-0.7149727983928532149 0.44250227409410380908 0.0025042535327224526437
-0.63778759000544393842 0.4650000035762790751 0.025483645897828522547
-0.56084903097867344623 0.46500000357627890857 0.025954306956275440682
-0.48391267097328538593 0.46500000357627901959 0.026190310292888565463
-0.40697704958593639013 0.46500000357627901959 0.026191667107029914519
-0.33004070646934174915 0.4650000035762800743 0.025958377463086622361
-0.25310218122143468555 0.46500000357627779835 0.0254904302904749476
-0.17592742084461673868 0.44339365371399580562 0.0033962776447335378885
-0.19721388631833894345 0.46552959220149053854 0.024479117495546057204
-0.17485581131554850387 0.48766740597504143473 0.0023344543793085642883
-0.25206705947728463846 0.46500000357627835346 0.025482534896339642527
-0.32902966692057145082 0.46500000357627918612 0.025953749726515158713
-0.40599007166434442073 0.46500000357627979675 0.026190160123822706084
-0.48294973548168140809 0.46500000357627779835 0.026191777313955992568
-0.55991012008937457445 0.46500000357627929715 0.025958601373709446619
-0.63687268725896084565 0.4650000035762785755 0.025490621230972333039
-0.71407147902692225117 0.48660529306659711102 0.0033973387646707184188
-0.56609079285156116423 0.223615488409384916 0.033594355681988805062
-0.59646494329455179706 0.19350445537324387213 0.0035043409742846380953
-0.51372527320219918412 0.22499999403953543919 0.035364523031339217818
-0.43130293855342094478 0.22499999403953593879 0.035773146834745216116
-0.34888243093479309742 0.22499999403953641064 0.035912364635527868617
-0.26646195345465717441 0.22499999403953699351 0.03578218402157827549
-0.18403970922398291132 0.22499999403953510613 0.035382597897568660028
-0.10133097876055498221 0.19627613517768910389 0.0062755848220707090984
-0.12875331723072305778 0.22653906163773324112 0.033439993281225065258
-0.098218535712963531137 0.2568093342749289687 0.0031905696361283529885
-0.18101326238254705769 0.22499999403953524491 0.035362797968744551225
-0.26348711889127729435 0.22499999403953446775 0.035772448162345434064
-0.34595914150195933301 0.22499999403953588328 0.035912355450923610922
-0.428431130477724742 0.22499999403953555022 0.035782527469484952387
-0.51090488607879047667 0.22499999403953699351 0.035382957133071331335
-0.5936650880306355571 0.25371993131060416315 0.0062795055809713165237
-0.55383983262283420501 -0.073981308891086047796 0.030867879342335736992
-0.58185717285403859567 -0.10187145846619778677 0.0031150534313872935144
-0.51096330560068781157 -0.073749998584389520051 0.031253961656263061497
-0.4402301692822098711 -0.073749998584390893952 0.031353795582669999331
-0.36949703665841160394 -0.073749998584391462941 0.031255252817047232683
-0.29860630906710561305 -0.1014100462057486024 0.0035744441592956265746
-0.32607131052184867848 -0.073430269220660732143 0.030779944314658143345
-0.297962494511494147 -0.045449059140092076814 0.0029363579293922772301
-0.3689017960804865659 -0.073749998584389353518 0.03125358182946146729
-0.43967914158119136836 -0.073749998584387951861 0.03135379459234281796
-0.51045648192569281765 -0.073749998584389936385 0.031255382613964419192
-0.58139140273655309787 -0.04609219435786542779 0.0035766777048511100984
-0.47466877840993820792 -0.1896890388794207627 0.025091535343093471916
-0.49737041007667365244 -0.21237251648570065754 0.0026058874422406927245
-0.4546833925559356504 -0.18874999880790777063 0.02602984092714786396
-0.41200126994902208644 -0.21050233201556725615 0.0044605315381910102049
-0.43272451217154750402 -0.1877043358424978492 0.024985890004803168463
-0.40990452997494164489 -0.16490260234900791514 0.0023828679881151603251
-0.45269876930565522422 -0.18874999880790699347 0.026029836291804376441
-0.49548747771412410268 -0.1670089077476830941 0.0044716798504335830353
-0.56581030133539023108 -0.30348326644016471176 0.026437727949268040317
-0.58972927469527525179 -0.32724726786718205673 0.0027458360870151131937
-0.51511769781569738402 -0.30250000953674216486 0.027688392788799698341
-0.44069348380072437266 -0.30250000953674238691 0.027910877993870875091
-0.36626994827663039711 -0.30250000953674305304 0.027913774579960463906
-0.29184576914172938311 -0.30250000953674227588 0.027697082675709493171
-0.21725078841306372235 -0.32528001115957544398 0.0047079716457272564184
-0.23907261868859860932 -0.30140045372591650619 0.02632183639513387477
-0.21503316879167047593 -0.27751675633389533138 0.0025104452783355191668
-0.2896932730165097114 -0.30250000953674249793 0.027687548231615049382
-0.36416400522255421013 -0.30250000953674299753 0.02791066183987764987
-0.43863405555493789612 -0.30250000953674205384 0.027913912246979154935
-0.51310474859580956775 -0.30250000953674260895 0.027697299597455211917
-0.58774622026327993929 -0.27972295735364571811 0.0047109132926462784705
-0.58125001192092873303 -0.41101061172183889214 0.021120848610213144997
-0.5812500119209290661 -0.45500872291272154158 0.021122139618473031314
-0.59906006092658914408 -0.49905349493327166854 0.003414697218094082682
-0.58050843317857658832 -0.4819525636818765002 0.020350889643987533917
-0.56195464057870592178 -0.50054164207076046189 0.0019403405928388531287
-0.58125001192092817792 -0.45647475948011412283 0.021120861796603232485
-0.58125001192092873303 -0.41245957301677654838 0.021122112879799846002
-0.56339110651728596668 -0.36839756290571940012 0.0033662029006683706102
-0.58196597622724621779 -0.38557310662050531258 0.020376296902128828575
-0.60054294015718312494 -0.36696081283408782392 0.0019427657336867154916
-0.71253904112841559559 -0.57780414416545733403 0.027201330649266854816
-0.73722042284668420908 -0.60224726502654524207 0.0027546371869360906232
-0.6607659447517642004 -0.57750001549720697547 0.027947086054155516333
-0.5845795814905405674 -0.57750001549720886285 0.028408221704706273364
-0.50839535125977564078 -0.57750001549720753058 0.028639242625859710062
-0.43221183578913280332 -0.57750001549720741956 0.0286401595693782339
-0.35602761686146050524 -0.57750001549720741956 0.028410972577935005023
-0.27984127620726367836 -0.57750001549720730853 0.027951670985126662178
-0.20339392323501545579 -0.60163886190945625732 0.0033634160985662295458
-0.22737682719948942855 -0.57711255492287838464 0.027118026759738407538
-0.20260990721687169303 -0.55258472153809534699 0.0025864863819293187203
-0.2790901672589450877 -0.57750001549720730853 0.027945997342749405445
-0.355300343723462142 -0.57750001549720619831 0.02840767591444899251
-0.43150838358709947551 -0.57750001549720730853 0.02863909588659967545
-0.50771570645040775549 -0.57750001549720719751 0.028640268036267971241
-0.5839237318605303706 -0.57750001549720619831 0.02841119241803453585
-0.66013387941694123828 -0.57750001549720686445 0.027951858364016039099
-0.73660502882605960462 -0.55336221930379059231 0.0033644669534379461999
-0.0025513497217988304056 0.43902155268133163935 0.030156739269303005357
-0.0026006616109162626616 0.37108893242027218839 0.030407713613119773111
-0.0026499728637246131036 0.30315718874224928392 0.030475717032654191241
-0.0026992842102140403304 0.2352253160094479878 0.030360752044658628757
-0.002747608023240588615 0.16729231358200294388 0.030063792880476041675
-0.0022888813490241147197 0.077493958132684601092 0.0300037434609693697
-0.0023913904467880893467 -0.012513503306350469771 0.030453135416028318666
-0.0025056643944360301735 -0.08065222762202943485 0.030616022701027988812
-0.0026199376870816477869 -0.14879056137530524695 0.030594824670956848739
-0.0027342120267130100297 -0.21692951942073993021 0.030389540536505506296
-0.0027676413703283560264 -0.28506967526149290526 0.030080203114221146232
-0.0021774274548220125258 -0.3749802896254098572 0.030108933563856160598
-0.0022210225351396717386 -0.46894267230131569946 0.030521989008663250043
-0.0022896859695599389162 -0.54113047183506735038 0.030636371345976652625
-0.0023583493424540191707 -0.61331820668273284713 0.030544139649345294213
-0.0024270138016580268536 -0.68550708360155243604 0.030245290064190966106
-0.027920810961475694967 -0.75789070753693754678 0.0045682102673391938169
-0.0015994474841701323067 -0.73315360126356521331 0.029070726876405158373
0.024725675151902392485 -0.75970212031087946958 0.0027730309475025118927
-0.0024251754774889180966 -0.68357440170558181336 0.030255982782975646833
-0.0023530139304640609876 -0.60770893801818937074 0.030558709985255769204
-0.0022808534847165162773 -0.5318446321335209559 0.030633237274948457024
-0.0022086928079371702383 -0.45598008336129208784 0.030479568092078815345
-0.0021632673714849781632 -0.38011404212060423413 0.030124165202059838969
-0.0027846592572063066928 -0.28001590129600995027 0.030090164112591178541
-0.0026701509405171984513 -0.17873148057228926966 0.030527293590549769292
-0.0025409352175725929968 -0.10168334576828753912 0.030629120416433588264
-0.0024117193288169039289 -0.024635112095945467525 0.030495573507408522962
-0.0022825008134739546706 0.052414687746001248358 0.03012664650533688343
-0.0027205962592358537422 0.14997885087076948119 0.029997785380698856889
-0.0026976298401842069286 0.23750439501300907308 0.030367575324965489364
-0.0026489885726204594196 0.30451315938346207313 0.030476149274966855829
-0.0026003473820300840313 0.37152181771404918509 0.030406693588552729385
-0.0025517055677813753334 0.43853133520193743333 0.030159205764611660139
0.023249315299059283846 0.50572372472090509898 0.0042381928998587769034
-0.003228433828359798894 0.48050953278105856814 0.029213362592369743198
-0.029709249938370308614 0.50718837237941793994 0.00278666145607069397
0.24496286123245702981 0.41313871801490592572 0.034948978316776534159
0.24492734059736642749 0.34219800440961462007 0.035030332302737110517
0.24489181990929290156 0.27125718498961010061 0.034912113501396738191
0.24517672037895277271 0.18495251246271013357 0.034880395366237500199
0.2451387010288641477 0.099289849319526959914 0.035383843252342742081
0.24508414297272174132 0.028993751683834220051 0.035602726488388733439
0.24502958545036113147 -0.041301658193801292496 0.035625644386274399333
0.24497502759658798532 -0.11159749508384894656 0.035452597854602085903
0.24492046854619012319 -0.18189487378378768612 0.035083580032715257213
0.24505406719824376904 -0.31596885782727451852 0.034950388600416083806
0.24503663896179367354 -0.37925457702627013434 0.035020692457194607661
0.24501921071249802009 -0.44254034287494425914 0.034932170444179781732
0.21650747342032811149 -0.50596773242717385521 0.0064751097874151189449
0.24666028340352114112 -0.47901492512895571529 0.033174412684928503148
0.27682093395053536389 -0.50930706163076067128 0.0031652007028691283089
0.24501944350927934435 -0.44169500710241393904 0.034934399452758009563
0.24503801363381555456 -0.37426284376539392662 0.035020916879877815597
0.24505658376382594144 -0.30683066055193436439 0.034927114390482384698
0.24491411979462418547 -0.22493946911302509228 0.034787677217435968025
0.24495298747867724765 -0.13999539614746661642 0.035327118600854350017
0.24500769039921743708 -0.069512645933891309413 0.035579739042797993431
0.24506239263751675161 0.00096922524036994041428 0.035635352445763483764
0.24511709506567672112 0.071451341040847091146 0.035493961026312137452
0.24517179855580462089 0.14193482514867031274 0.035155559149038555222
0.24491377923021989682 0.23492719349538915274 0.034814047880430964987
0.2449129566084728149 0.31347074674510699843 0.035006504974672371377
0.24494101365702836137 0.36950541620806670595 0.035022641822700963099
0.24496907081030327991 0.42554029480597915791 0.034914262635361445475
0.27423794281007268792 0.48171688342765373037 0.0057326221208008681582
0.24373019591547101514 0.45361259697159062032 0.033572763848304133794
0.21321634177567130863 0.48426867257024441837 0.0032032764022111451588
0.48947439993087255017 0.46801894274492800152 0.06647106318077466991
0.49018225615653510108 0.41018901168890037345 0.067172653166823512172
0.43215759479685411648 0.35215854750198177792 0.0095959137988779179967
0.48852564070853737865 0.4085322305690439193 0.065530671635504300632
0.5447045398506261682 0.40780200560037160873 0.064806935052320713275
0.60107589864241706135 0.35142500932188874829 0.0088672610990648478846
0.54289243799428887893 0.40961428867817223365 0.066603076322506199469
0.54260634075378477714 0.46759961288795298673 0.066886641791181922212
0.60078846145783404431 0.52578755216615591372 0.009152814982833238841
0.54427779512010709961 0.46927123441011475702 0.065229932821733796477
0.48795829913172628078 0.46953519516358976915 0.064968316746195908795
0.4314464322442920774 0.52605271358939764692 0.0088894173663986580936
0.373444458308960614 0.02819536659888621441 0.038089730321651645017
0.33890576793395998934 -0.0061195458065026984984 0.0038723546422263065842
0.41778899206049441295 0.028750001452863736817 0.03888615270159703069
0.49639456266792381101 0.028750001452862661289 0.039132943890872934345
0.57499934275257080785 0.028750001452863847839 0.039134668146303105973
0.65360489142037203614 0.028750001452863264972 0.038891325553389602399
0.73247781807782907926 -0.0050103449882500962487 0.0049791310430516008342
0.69917919152336660549 0.029427464871197003826 0.037967334049529330442
0.73384533649241490139 0.063869006085698717956 0.0036234358229075250453
0.65491065386037494722 0.028750001452862439244 0.038885213982510928588
0.57625595118731720579 0.028750001452863362117 0.039132705545204149455
0.49760204301424976192 0.028750001452861863316 0.039134823731554350956
0.41894736731006410047 0.028750001452863716001 0.038891568646727055214
0.34002534042705279127 0.06250722998748968473 0.0049822420661330673458
0.4449142761173315308 -0.3151584726272256276 0.022200142455848812656
0.42475917649777578111 -0.33524817416446844875 0.0022384758192608160583
0.47546706733028865077 -0.31499999761581465307 0.022437028838606629805
0.52609233263422561233 -0.31499999761581348734 0.022488137084495533891
0.57671759664268729129 -0.31499999761581459756 0.022437661604571085272
0.62742394955109148658 -0.33493231888150326592 0.0025524416814620663752
0.6076492222189980863 -0.31477823980954205974 0.022137288067401655195
0.62786962597193396451 -0.29462344603393109121 0.0021108675876677167847
0.57712946691061217663 -0.31499999761581415347 0.022436834366235364202
0.52647256045983115147 -0.31499999761581359836 0.022488136595575095034
0.4758156558399118663 -0.31499999761581232161 0.022437728079535129017
0.42507766984806899524 -0.29506928098895413015 0.0025540367114033268522
0.4554033487039684247 -0.57468169299157623175 0.030118622152601418757
0.42813731638397223289 -0.60187148682034563585 0.0031096072153872600201
0.49296369983162413586 -0.5737500190734862171 0.031118516147479378248
0.55767925842141063963 -0.57375001907348610608 0.031120898709422653572
0.62249635882421439081 -0.60001037094497811086 0.0049592814080714215513
0.59721835284810897981 -0.57269699340283042321 0.029998142282950342186
0.62461286486609424173 -0.54537907911786354109 0.0028616582965965147063
0.55970432145727999629 -0.57375001907348577301 0.031118293846445932438
0.49490786830220223624 -0.57375001907348632812 0.031121007121385685368
0.43000990400623595455 -0.54749590301087813771 0.0049654786506320236841
0.52250000834465037958 -0.68129843286431490679 0.027327781557306682347
0.52250000834465082367 -0.72995303858041216127 0.027328985693811105873
0.49881613605393226862 -0.77867644858455908885 0.0037892099497377714802
0.52312589870051251495 -0.75557345957264110403 0.0266722693408417387
0.54743807423323964656 -0.77993309025391011069 0.0025439277011378405753
0.52250000834465037958 -0.73118241684573370698 0.027327800516585152441
0.52250000834464993549 -0.68250544131312651519 0.027328946621691576485
0.5462479162140322364 -0.63375941468702501336 0.0037256308656602112224
0.52190767438989849047 -0.65696018616936258105 0.026705555832258330573
0.49756514454860539809 -0.63257014193068406005 0.0025471071212064769901
-0.71835137289499595425 0.86042970923007888739 0.03554440511636360045
-0.63521811276244632971 0.86049288734639350906 0.035828657659529791757
-0.55208532273021104775 0.86052147228943631774 0.03601021788169572746
-0.4689528015004965078 0.86051546431882464105 0.036089086787677554513
-0.38582034777777179935 0.86047486350272195388 0.036065264813955624779
-0.30268776026709326432 0.86039966971783132799 0.035938751828700800373
-0.21955483767231973036 0.86028988264940686737 0.035709547131743277215
-0.13642137869412584994 0.86014550179126869622 0.035377649454567658416
-0.053287212382874371563 0.85997509294564089544 0.034951537848452972346
0.11349974378723447221 0.86037856080667951542 0.035316630764239742568
0.19685957979020754505 0.86049740036626432005 0.035657033905956467268
0.28021884992946249904 0.86058145773641658849 0.03589418420023775258
0.3635777571528687746 0.86063073337181961175 0.036028082966716723501
0.44693650440479393282 0.86064522753361827334 0.036058730950486006517
0.53029529462835911513 0.86062494028941871616 0.035986128322076336994
0.61365433076693864933 0.86056987151327624108 0.035810274677501807705
0.69701381576610477175 0.86048002088571173829 0.035531169038202400912
0.84131258152990096022 0.84630431966278818479 0.046124893521248405692
0.85418335453779936639 0.70259259760826775487 0.034292828985660828156
0.85424239190105677455 0.61982067643855653927 0.034572566540124284595
0.85426713748197247167 0.53704921646283765302 0.034750504703053373967
0.85425759152489333381 0.45427801900387498879 0.034826644450659936803
0.85421375408605737523 0.37150688538683607209 0.034800986200654283886
0.85413562503357509659 0.28873561693727906041 0.034673529812273319595
0.85402320404742604332 0.20596401497953997772 0.034444274586262903226
0.85387649061944259632 0.12319188083489739094 0.034113219264884156456
0.85371171016969948919 0.040419072765748555176 0.03369642598604157685
0.85413849389277807234 -0.12282510875664021111 0.034067209645259541317
0.85425271864683527401 -0.20302035488853228951 0.034386449982384340029
0.85433475318517682062 -0.2832150904002346814 0.034610130278347528421
0.85438459791092347118 -0.36340949598579819213 0.034738251685061193041
0.8544022530613939459 -0.44360375233660631622 0.034770814862338385309
0.85438771870814478326 -0.52379804014263808831 0.034707819977881179674
0.85434099475694447179 -0.60399254009417391309 0.034549266707285031242
0.85426208094782873914 -0.68418743288328076613 0.034295154233991903547
0.84161268350447837605 -0.82411945526625540737 0.045932808911144651365
0.69471320068396202885 -0.84420352256289199477 0.041718700404446119878
0.6075827065211343303 -0.8442798269549750545 0.042003420484866306472
0.52045269000652383262 -0.84431812438637621199 0.042175323783820890811
0.43332291934603905936 -0.84431841515703409673 0.042234411346562569789
0.34619316274796707589 -0.84428069933580940365 0.042180683532359312948
0.25906318842076808684 -0.8442049767604564714 0.04201414001454024244
0.17193276457069417429 -0.84409124703765436859 0.041734779780425501627
0.084801659399384637927 -0.8439395095429316207 0.041342601131396622405
-0.082679556629775927123 -0.84392841348119007616 0.041316438171213297481
-0.16268454053722772312 -0.84407502524103439345 0.041700143849899930226
-0.24268889722609146564 -0.84418959193053055845 0.041988730288198494733
-0.32269280614624873404 -0.84427211408698987771 0.042182198965570572025
-0.40269644674365390191 -0.84432259208345405987 0.042280550873832395409
-0.48269999846213418326 -0.84434102612868111581 0.042283786517176347175
-0.56270364074465617499 -0.84432741626717489059 0.042191905912190838523
-0.64270755303497106858 -0.84428176237914109858 0.042004908587858325042
-0.72271191477899221489 -0.84420406418051452402 0.04172279358553576678
-0.86485613199751198987 -0.82236430532420123907 0.045176437875557244606
-0.87796023672579859287 -0.68052535419972126629 0.033015721591491117848
-0.87801538441510951216 -0.60078765905174880135 0.033242588754560271902
-0.87803870960374463817 -0.52105031011695335241 0.033374985351665532873
-0.87803021247137458261 -0.44131312978290038185 0.033412912056854836285
-0.877989893035663993 -0.36157594043853774624 0.033356369063214257042
-0.87791775115225401116 -0.2818385644727099959 0.033205356082881720692
-0.877813786514766492 -0.20210082427267286875 0.032959872347034319118
-0.87767799865483386856 -0.12236254222260807556 0.032619916605856245917
-0.87767979795835437962 0.040028073317793122499 0.032673444548239102825
-0.87783752304991047311 0.12241434431974936026 0.033082542573393221297
-0.87796127590333294943 0.20479992680406713945 0.033390789370634207933
-0.87805105713031617043 0.28718501667712326153 0.033598186615270919653
-0.87810686715791064216 0.36956980984086729158 0.033704735434498513114
-0.87812870622856276093 0.4519545021945707286 0.033710436407390985403
-0.87811657440005763675 0.53433928963657639777 0.033615289564933717448
-0.87807047154558637292 0.61672436806604735704 0.033419294390005856166
-0.87799039735366946058 0.69910993338471605352 0.03312244981741169908
-0.86462042966183405568 0.84462112492038488032 0.045365443143487713118

Metadata: 
LoopIdx: 0 78 96 112 124 132 146 156 174 211 242 254 268 280 290 300 