19
-0.60490907290497486493 0.24076232852564205533 0.028905276745649254727
-0.62233465035363555451 0.16500390796039796082 0.045234109198102785687
-0.61953242804336483562 0.092398083394895941245 0.05760529747550092311
-0.59958198606171364542 0.026419749082420077024 0.065921854111367708673
-0.56517657257993669795 -0.030637389782473878341 0.070230777958119078308
-0.51852068468365286602 -0.07699846317230843451 0.07058868457625847026
-0.46148107202723320786 -0.11092137334923335423 0.067001215254728602178
-0.39590147864504704467 -0.13037094414542815812 0.059418305892962243464
-0.32406697819029783858 -0.13285766961337680536 0.047783714193154705474
-0.24933127382110981118 -0.11551482924138743724 0.032154100311772668142
-0.17687115344296744368 -0.075588210274581388304 0.012912460815184097912
-0.2599748317760343097 -0.11930439490581452866 0.034613424175809093253
-0.35818266374160773191 -0.13398502923518149088 0.053717513899659806442
-0.45888879793493891901 -0.11204349032236801675 0.066763963345772128766
-0.54554454435062704754 -0.052960957636305427965 0.070879389048339402901
-0.60304927173368938487 0.034543508079410464862 0.065067763710897230656
-0.62345901972919093303 0.13504012263519374337 0.050722965915833806427
-0.60796352666191744163 0.23227165987249479007 0.030920483004312965258
-0.56434138136948985842 0.31422605277955822922 0.0090924358378185847485
