10
d -0.21304880788990915308 1.0069371944295564258 0.60136312607473474401 -109.91249356303359264 -28.23605456630120969 1
d 0.31185137792847461569 0.72506277190510215469 0.0055666884001978646224 -28.236054566300740731 138.92941824443602172 1
d -0.31547563506336956385 1.2717480430201086872 0.82654145774629772525 -41.070581755563715376 -96.953037227777869589 0
d -0.41614438300765610457 0.44627387276528879267 0.0050484667781361611261 83.046962772221817772 250.08750643696666316 1
d 0.92371753982087523305 0.25917483696367960011 0.57590794618394414162 166.1140025322600593 225.32643085094110802 1
d 0.53404098998124871489 -0.13496740661974795938 0.021655366873849404841 -134.67356914905886356 -21.461335604334792038 1
d -8.752451913382303772 3.515842253334579226 10 -21.461335604333214633 -19.210367065845154855 1
d 0.6821540864938879789 0.22845060527169111508 0.009067399854332677811 -19.210367065845179724 110.96437928370198733 1
d 0.59685896190701914765 0.45106557243655337475 0.22932866111166189116 -69.035620716297685817 -166.45629180019997762 0
d 0.36927061456139936846 0.39624278766908099803 0.0047695951338109889364 13.543708199799713299 166.1140025322615088 1

Metadata: 
LoopIdx: 0 
4 
