37
-0.33265906000754946747 0.43162935300353433288 0.013615415621408178889
-0.24928804375023380646 0.42725103126795099806 0.020339861581442301303
-0.16695422648557445289 0.43283694106775727484 0.025161221785543846224
-0.086509434188062311888 0.44807986344954969793 0.028075409146254799025
-0.0087589856526550935456 0.47267495611080229123 0.029081202928499211985
0.06551485079779045817 0.50632076370708023472 0.028178397480882515225
0.13553107188555821305 0.54871422225501043091 0.025367172334614166568
0.20049032979636058349 0.5995399959325817818 0.020648657389652935734
0.25955809057770728998 0.658454246653496722 0.014026716809364967245
0.3118513779284746712 0.72506277190510215469 0.0055110215161957758559
0.26136704816754835479 0.66049808983379054705 0.013779930991931406067
0.20319657041283048504 0.60194430005408106066 0.020399411580755141132
0.13810043826580584159 0.55049586090203039834 0.025222527554979647102
0.067028171851886461652 0.50712030267469010436 0.028139070834074238897
-0.0089073695545934111761 0.47261812864464763928 0.029081098955784388804
-0.088465511599611454385 0.44758989522210362866 0.028026456406231744362
-0.17032082850515548045 0.43241320577216357801 0.024999940383392198207
-0.25311063742844452928 0.42723144360330883584 0.020071996607051736938
-0.33548338264010835186 0.4319549170983817965 0.013355073073662035096
-0.41614438300765604906 0.44627387276528879267 0.0049979821103548196723
0.37954286256627589591 0.31087398659017978497 0.028990125042133996214
0.40832226777865565648 0.23187691575412797129 0.059192360321399226097
0.45098011272747318134 0.16307473236071665101 0.092566561178331216442
0.50269789145198684466 0.10635486179407646623 0.12673109476213584301
0.50983003628411938113 0.035306460388543521589 0.10430161783728952862
0.5182024298108848237 -0.044935119951047423903 0.068339584752047835559
0.53404098998124871489 -0.1349674066197480149 0.02143881320511086333
0.51819684058976012153 -0.044894980233612061249 0.068358998391042563592
0.50940991352030007278 0.041740019875276611339 0.10692966635783662799
0.53280612031391449968 0.1159439493897460316 0.1107407707518381218
0.61459676527677198354 0.16922583620681208583 0.052538007782826114112
0.68215408649388808993 0.22845060527169119835 0.0089767258557892620069
0.60433756191094256671 0.16165614346182999306 0.059575604827616569781
0.48908396622147348731 0.11944483647191944664 0.11817204973687113478
0.41656365587433125119 0.21599843166911547598 0.066250280076837156362
0.37977234726123465514 0.30993784873740287678 0.029303199196507118129
0.36927061456139936846 0.39624278766908105354 0.0047218991824728440143

Metadata: 
LoopIdx: 0 
20 
