187
d -0.34499999880790771511 -9.5747371721946024081 10 89.636577813135161819 90.373858187346911564 1
d -0.41061039231262153049 0.48026607794184317246 0.05521730665182152803 -89.626141812653088436 -100.28345338693149813 0
d -0.42267856822938748573 0.41375000774860376529 0.012384678998823095072 79.71654661306850187 289.34244153630078245 1
d -0.41603263678416857463 0.39481717691906365042 0.0076807262548600260116 109.34244153630071139 89.922523122010360908 0
d -0.40249998867511688205 10.402488753569056001 10 -90.077476877988758019 -89.922227324231499779 1
d -0.38892419977025532996 0.40109787430566562483 0.001400093079834536158 90.077772675767789679 -0.97306717368938988599 0
d 9.6110335762321419395 0.23125000111758647892 10 179.02693282633674698 180.96902379420538409 1
d -0.3896291089768850191 0.062096107509833256555 0.0020931400909721745163 0.96902379420547357647 -90.073729296320109938 0
d -0.4024999886751181033 -9.9399887513338818223 10 89.926270703689311858 90.077960054852411531 1
d -0.41612615118561446792 0.074384923503270500289 0.014382945123284768957 -89.922039945147488993 -99.026723974590140642 0
d -0.42000000365077672093 0.0499999988824129174 0.01030776733477828562 80.973276025410072521 273.88316904760159787 1
d -0.4121025572502142742 -0.066347581639751879168 0.10630753677669491086 93.883169047601697343 89.619572071313427841 0
d -0.34499999880790649387 10.039737183221461692 10 -90.380427928684895278 -89.624393309790292506 1
d -0.27906198600821846556 -0.018432229403801084211 0.058385544141882829428 90.375606690209707494 80.919656729386943539 0
d -0.26812499730537669995 0.049999998882412924339 0.010915159967834533669 -99.080343270613084883 102.99394256173530948 1
d -0.27092469731521107157 0.062132683881797205749 0.0015363606396796751843 -77.00605743826555738 -181.03332589587907364 0
d -10.270834557037231249 0.24250000528991283444 10 -1.0333258958777007397 0.99373026809297859696 1
d -0.28163023146295990129 0.41576879110863135258 0.0092930615390975548212 0.99373026809309339402 89.636577813136938175 1
d 9.7699936676959779902 0.41625000536441741916 10 179.94493825631698769 180.05801201050894633 1
d -0.22849403799799047898 0.40612652721307029857 0.0015071692917980124456 -179.94198798949071261 -106.9870837696606003 1
d -0.24664466900352965961 0.34671058616183847434 0.060619310223000613669 73.012916230338817059 15.681134655471495876 0
d -0.20810616119311781125 0.35752958156342917739 0.020590979683833544184 15.681134655471558048 -0.33609204700829781176 0
d 9.812312420062752949 0.29875000566244064304 10 179.66390795298806893 180.34879192165379891 1
d -0.21389100074841821408 0.23771406223075891573 0.02638920159576902541 0.34879192165381922575 -2.3875469276609693203 0
d -0.21965910628561780005 0.23795456160938466272 0.032162318729466565781 -2.3875469276609688762 -103.43663029495874639 0
d -0.22767416761556763527 0.20440601010271142179 0.0023303836337691271295 76.563369705041239399 179.92460400213002458 1
d 9.7699867926949277575 0.19124999642372070285 10 179.92460400218340055 180.08468059541550588 1
d -0.22852441895673486494 0.17647263400104579167 0.0014778682065132999705 -179.91531940458418148 -90.199272587125861378 1
d -0.19375000149011550876 10.174934293669197771 10 -90.199272587129826206 -89.81265084192156678 1
d -0.16112106437087650446 0.19627336339519360631 0.021285723655858075631 -89.81265084192156678 -70.007191365999801747 1
d -0.19931451585550777339 0.30125000327825546265 0.1329944281396490402 -70.007191365999915433 68.132866027362723571 1
d -0.16451948736444904631 0.38794902769028738465 0.039573794221377592284 68.13286602736270936 89.831855840125911072 1
d -0.19375000149011673001 -9.5724342871126868459 10 89.831855840126294765 90.198301625212707222 1
d -0.22835439371757196292 0.4258585079865510048 0.0016473216586943397258 90.198301625212693011 179.94493825626170747 1
d 0.28279954543515095633 0.23035930843861132655 0.2009838554594387261 100.69806682833649347 258.88531381203279125 1
d 0.24461269360920528948 0.0359830360854126452 0.0028920310286924804516 -101.11468618796737928 -0.10182671201790030602 1
d -9.7524794875318239207 0.053750000894070282254 10 -0.10182671201785853388 0.11057461769713505806 1
d 0.24640078639433557472 0.07304677538094403455 0.0011011057309276101133 0.1105746176971006689 118.84336826051516312 1
d 0.23499896536848741135 0.093749476463393405234 0.022533685463722773201 -61.156631739484232924 -183.18130299320930021 0
d -9.7866055008209364985 0.22875000536441864041 10 -0.76635393863648904045 0.68971854477283356388 1
d -5.8958179513347754863 0.27558902180432393036 6.1089305263594200213 0.68971854477283323082 0.82008057652953303407 1
d 0.23667221711734270917 0.36336999930613234078 0.024187862044073294571 -179.17991942347049417 -290.71737471971488276 0
d 0.2458231806428288202 0.38756512956842636974 0.0016799647269206733312 -110.71737471971518119 -0.10913348346795746779 1
d -9.7524787175373379711 0.40660930426628677514 10 -0.10913348346881061868 0.11216505288152664455 1
d 0.24580521891758669306 0.42618246460395536879 0.0016969048453935357216 0.11216505288199563051 100.6980668283378435 1
d 10.272482430206295589 0.053749999031423911777 10 179.90354677671828654 180.09668667881769011 1
d 0.27465504258606893151 0.036878640420237765452 0.0021583771600745494876 -179.90331332118228147 -97.676732320193778492 1
d 0.30164999303201739389 0.23715009042204629464 0.20424098659345976681 -97.676732320194687986 -55.919777043016438256 1
d 0.4078696319745335197 0.080147631897709084581 0.014682595379130457605 -55.919777043016502205 -0.37212568525660705276 1
d -9.5772371697293898762 0.14499999955296577481 10 -0.37212568525654043938 0.39570995659490904028 1
d 0.42472891251474742536 0.21407909277683911942 0.0022046285547863693315 -179.6042900434049443 -287.57234094051040074 0
d 0.42937500402331346683 0.22874999791383737735 0.013184381284861254602 -107.5723409405107418 109.97944112444709219 1
d 0.41855908337633018768 0.25849970538306221712 0.018470464062198824889 -70.020558875552779909 -90.406391282695082623 0
d 0.3475000113248818967 -9.7597187513868757236 10 89.593608717300540434 90.387916708393817089 1
d 0.2794992478403763303 0.28392498794362114323 0.043873937203072060909 -89.612083291606225544 -103.50285252110749923 0
d 0.26624999940395355225 0.22874999791383743286 0.01286953915251248283 76.497147478892614458 293.4907085197224319 1
d 0.27402800226986945287 0.21085388014814979152 0.0066437475943571010564 113.49070851972220453 89.9157050949838208 0
d 0.28875000774860443142 10.217486798059345787 10 -90.084294905012328059 -89.915764349944225842 1
d 0.3034541549848966957 0.21596166681380818408 0.00153594018848857909 90.084235650055859423 -0.36355516771072432514 0
d 10.304788754912465265 0.15249999985098777744 10 179.63644483216950221 180.36322544248361055 1
d 0.29792511029036822245 0.089060839075811346066 0.0070647309378043627801 0.36322544248365618014 -27.399984972292877217 0
d 0.28036765954022341285 0.098161751275499156688 0.026840743673191315433 -27.399984972292902086 -103.06279185824018896 0
d 0.27396847597806678332 0.070581776487120870267 0.0014718782398311098646 76.937208141760308422 179.90354677674332606 1
d 10.267477434942268388 0.40874999761581359836 10 179.89284391663153428 180.10957830996537155 1
d 0.26919418320570098757 0.38962823461047019213 0.0016984630500165253091 -179.89042169003374738 -77.80676890980575422 1
d 0.2891040053053172687 0.29748896159606608158 0.09256736664272664783 102.19323109019354945 15.46883464144022291 0
d 0.33359951472269161465 0.30980259817171307279 0.046399455665200727006 15.468834641440224686 2.8116132165942571142 0
d 0.40125000476837158203 0.31312500406055948643 0.02133256914072756763 -177.18838678340586057 5.0424315753100970028 1
d -9.5773346718010330392 0.37250000238418640164 10 -0.32945257495925123203 0.32121626058526314695 1
d 0.41131226302887102797 0.42849975418738944777 0.011196089576648620562 0.3212162605853151609 19.616832996817382906 1
d 0.40500000119209289551 0.42624996900554917856 0.017897297143981080042 19.616832996817336721 160.49071734173679715 1
d 0.40142354906152205585 0.4275171092584276189 0.01410300481698127488 160.49071734173668347 173.47833639027041386 1
d 0.35615386659575226647 0.43269227753733152664 0.031461526534351615114 -6.5216636097294031771 -70.312348884524453752 0
d 0.36572751511092549404 0.40593594486458906001 0.0030439952554642186501 -70.312348884524610071 -131.44167005194714193 0
d 0.2887500077486038208 0.31875000894069671631 0.11326131013788981461 48.558329948052900704 99.507486391074706944 1
d 0.27054584516058494126 0.427446545475625439 0.0030509268238838598182 99.507486391074294829 179.89284391664469354 1
d -10.787488773834635225 -0.079999998211860046116 10 -0.072130476500907925175 0.077349334422263937849 1
d -0.78948786026796669013 -0.066502683181090718745 0.0019899757405244509513 0.077349334422085011531 74.631001022078152118 1
d -0.81050677206489707416 -0.14297294766228249574 0.081296318506727929809 74.63100102207867792 192.08978753289386532 1
d -0.83773450518222258854 -0.15930531097391750772 0.052270097006736938872 -179.23849928600952808 56.471557239422985219 1
d -0.8016152653374463144 -0.10479390657977888379 0.013121742667535780599 -123.52844276057705031 -147.45998442900054215 0
d -0.79990385099143201941 -0.10370193428452681439 0.015151851668880686116 -147.45998442900057057 -316.07390860006660205 0
d -0.7883653318303326385 -0.092588044410311279298 0.0008686343589291269443 -136.07390860006788103 -0.072130476501008219947 1
d 9.2374921994141523385 -0.077500000596047058377 10 179.94033483030739262 180.06445778410599701 1
d -0.76167861585576468464 -0.08874907812036690602 0.00082285712015244048649 -179.93554221589369035 -68.063687034213018023 1
d -0.75215908888081084438 -0.11238634598650029672 0.024659329324542976491 111.93631296579025047 5.3459507469950580116 0
d -0.34404291204791975778 -0.074196405758755537563 0.38523978671170117094 -174.6540492530049562 -173.2118449402672411 1
d -1.1917714201635116744 -0.17510416917071719434 0.46847327994986259769 6.788155059732787322 -10.466729355443712635 0
d -0.74396309801696802744 -0.25783159813427275475 0.013087596285320159811 -10.466729355443803229 -68.483092428589557699 0
d -0.65573495667626324757 -0.4816181013131242139 0.22746303025606606774 111.51690757141051336 148.92823178651556759 1
d -0.85016780023014049128 -0.36445933990384216106 0.00046015356195112900543 148.9282317865187224 313.60138079243199627 1
d -0.81275001007318559143 -0.4037499943375614242 0.053797072187803739174 133.60138079242520348 68.414032841171803057 0
d -0.79140657266403424686 -0.34980402682777095302 0.0042176650003084483614 -111.58596715882805483 -37.004962940944672312 1
d -0.65583717771032756794 -0.45198130581629275548 0.16554469004229904749 142.99503705905499373 103.96376138260376365 0
d -0.71029052161950534394 -0.23299090716835474391 0.060114259177256622324 -76.036238617396207928 -61.044795266618926632 1
d -0.73876224410943469589 -0.18153171961868974638 0.11892486166367181866 -61.044795266618898211 100.49774622288983039 1
d -0.7599682727458284548 -0.067089104780428648889 0.0025341071272992482522 100.49774622289035619 179.94033483037580368 1
d -0.81700778107382809878 -0.45022308822769441239 0.069675554395029953847 69.406149255226580408 204.45111988176319073 1
d -0.87015916991434505423 -0.47439083102127038716 0.011287628182393502282 -155.548880118236724 -142.3929617226673372 1
d -0.86500000953674316406 -0.4704167329600666414 0.017799954280024104375 -142.3929617226673372 -38.064827436299566443 1
d -0.84390980356524336603 -0.48693267020177671833 0.0089875982564132875924 141.93517256370037671 117.37759938065057952 0
d -0.81125000119209289551 -0.55000015348213804334 0.080009919665755449558 117.37759938065057952 63.849642978789646008 0
d -0.73334556324026789476 -0.39133054158350855101 0.096753049286034495391 -116.1503570212103682 -105.57010902470206304 1
d -0.72780302563413412642 -0.37143934422999907996 0.11740200701449307608 -105.57010902470206304 -39.223052541543232508 1
d -0.66816066703209686661 -0.42012243662768522512 0.040413342751397456076 -39.223052541543232508 -20.961115500781058785 1
d -9.9686559648503898501 3.1427631352794782593 10 -20.961115500780412191 -20.570652605207708774 1
d -0.52384927628802002708 -0.40178617492420731772 0.088022759529138711043 159.42934739479235873 156.20042823328671489 0
d -0.61819767914893819505 -0.36017441341786105014 0.015094454446352083971 -23.799571766713153664 187.52218112931572591 1
d -0.64849862501958877026 -0.36417554306610910864 0.015469517139784861107 7.5221811293156841671 -19.948936460201817766 0
d -0.70296027016834072842 -0.34440807519283145322 0.073407618406823665902 -19.948936460201831977 -61.151687705081471336 0
d -0.67211448305552901061 -0.40040445746342939737 0.0094775205654795309507 -61.151687705081407387 -93.058434642272715109 0
d -0.65093102423803805845 -0.0039370107639593162827 0.4065104854687347502 -93.058434642273155646 -110.38057295190519369 0
d -10.270833035251330401 -0.078904152136520994132 10 -0.085277151362903730325 0.08459001949030245382 1
d -0.27206486418402597849 -0.064142216507407159853 0.0012209318591249165766 0.084590019490479506636 106.98205324716319353 1
d -0.20843485641174955281 -0.2724999934434890192 0.21907808941619485998 106.98205324716388986 252.99043559567562056 1
d -0.27214223223576794464 -0.48075308863898247314 0.0012984269293456111947 -107.00956440432332784 -0.083107468644950985293 1
d -10.270833286938000128 -0.46624998748302398655 10 -0.083107468644805684854 0.08429502187415106873 1
d -0.27248014558407729346 -0.45154014302312223128 0.0016360378937055851389 0.084295021873826245229 84.418875654180425272 1
d -0.27041595670154655595 -0.43041626182380726684 0.019588458158392722114 -95.581124345820057897 -181.21762677645017448 0
d -10.288759602187150577 -0.27250000461935935947 10 -0.90244585496489793108 0.89962571166812554946 1
d -0.27729249262550043076 -0.11529272831071672722 0.012701324495757615463 -179.1003742883318921 -184.88914009849284525 0
d -0.2692965988615781403 -0.11597669155232180616 0.020726417816074725609 175.11085990150718317 98.329615808168313151 0
d -0.27254569059856270652 -0.093785284745156877184 0.001701581051332668338 -81.670384191831729481 -0.085277151362776845711 1
d 9.7675822073050859728 -0.46750918059571405783 10 179.91472284863709774 180.08459001949026401 1
d -0.23118596376220917898 -0.48227111622482671249 0.0012209318591249165766 -179.91540998050950861 -73.017946752836778046 1
d -0.29481597153448563242 -0.27391333928874506132 0.21907808941619485998 -73.017946752836124347 72.990435595675606351 1
d -0.23110859571046726835 -0.065660244093252134734 0.0012984269293456111947 72.990435595676672165 179.91689253135507442 1
d 9.7675824589917521479 -0.080163345249206471865 10 179.91689253135521653 180.08429502187414073 1
d -0.23077068236215786401 -0.094873189709112196177 0.0016360378937055851389 -179.91570497812617191 -95.581124345819546306 1
d -0.23283487124468865703 -0.11599707090842707735 0.019588458158392722114 84.418875654179970525 -1.2176267764501902402 0
d 9.7855087742409132545 -0.27391332811287089077 10 179.09755414503513293 180.8996257116681079 1
d -0.225958335320734921 -0.43112060442151711737 0.012701324495757615463 0.89962571166810789691 -4.8891400984928345963 0
d -0.23395422908465712819 -0.43043664117991214946 0.020726417816074725609 -4.8891400984928514717 -81.67038419183171527 0
d -0.23070513734767256198 -0.45262804798707689802 0.001701581051332668338 98.329615808168270519 179.91472284863721143 1
d -9.7974887738346545518 -0.079999998211860032238 10 -0.072130476500907925175 0.077349334422263937849 1
d 0.20051213973203338425 -0.066502683181090718745 0.0019899757405244509513 0.077349334422085011531 74.631001022078152118 1
d 0.17949322793510302798 -0.14297294766228249574 0.081296318506727929809 74.63100102207867792 192.08978753289386532 1
d 0.15226549481777748585 -0.15930531097391750772 0.052270097006736938872 -179.23849928600952808 56.471557239422985219 1
d 0.18838473466255378774 -0.10479390657977885604 0.013121742667535780599 -123.52844276057705031 -147.45998442900054215 0
d 0.19009614900856802722 -0.10370193428452678663 0.015151851668880686116 -147.45998442900057057 -316.07390860006660205 0
d 0.20163466816966743589 -0.09258804441031126542 0.0008686343589291269443 -136.07390860006788103 -0.072130476501008219947 1
d 10.227492199414127683 -0.077500000596046461632 10 179.94033483030739262 180.06445778410599701 1
d 0.22832138414423538975 -0.088749078120366919897 0.00082285712015244048649 -179.93554221589369035 -68.063687034213018023 1
d 0.23784091111918917449 -0.11238634598650037999 0.024659329324542976491 111.93631296579025047 5.3459507469950580116 0
d 0.64595708795208028885 -0.074196405758755676341 0.38523978671170117094 -174.6540492530049562 -173.2118449402672411 1
d -0.20177142016351098941 -0.17510416917071716658 0.46847327994986259769 6.7881550597327953156 -10.466729355443716187 0
d 0.24603690198303199144 -0.25783159813427292129 0.013087596285320159811 -10.466729355443805005 -68.483092428589557699 0
d 0.33426504332373657702 -0.48161810131312426941 0.22746303025606606774 111.51690757141049914 148.92823178651556759 1
d 0.13983219976985966637 -0.36445933990384210555 0.00046015356195112900543 148.9282317865187224 313.60138079243205311 1
d 0.17724998992681448295 -0.40374999433756136868 0.053797072187803739174 133.60138079242520348 68.414032841171803057 0
d 0.19859342733596585528 -0.34980402682777106405 0.0042176650003084483614 -111.5859671588280122 -37.004962940944672312 1
d 0.33416282228967236767 -0.451981305816292811 0.16554469004229904749 142.99503705905499373 103.96376138260376365 0
d 0.27970947838049464718 -0.23299090716835482717 0.060114259177256622324 -76.036238617396207928 -61.044795266618898211 1
d 0.25123775589056529522 -0.18153171961868977413 0.11892486166367181866 -61.044795266618898211 100.49774622288983039 1
d 0.23003172725417161959 -0.067089104780428718278 0.0025341071272992482522 100.49774622289035619 179.94033483037580368 1
d 0.17299221892617200336 -0.45022308822769441239 0.069675554395029953847 69.406149255226580408 204.45111988176319073 1
d 0.11984083008565503403 -0.47439083102127044267 0.011287628182393502282 -155.548880118236724 -142.3929617226673372 1
d 0.12499999046325695196 -0.47041673296006669691 0.017799954280024104375 -142.3929617226673372 -38.064827436299566443 1
d 0.14609019643475676387 -0.48693267020177671833 0.0089875982564132875924 141.93517256370037671 117.37759938065057952 0
d 0.17874999880790720663 -0.55000015348213793231 0.080009919665755449558 117.37759938065057952 63.849642978789646008 0
d 0.25665443675973209636 -0.39133054158350860652 0.096753049286034495391 -116.1503570212103682 -105.57010902470206304 1
d 0.26219697436586592021 -0.37143934422999919098 0.11740200701449307608 -105.57010902470206304 -39.223052541543232508 1
d 0.32183933296790306899 -0.42012243662768528063 0.040413342751397456076 -39.223052541543232508 -20.961115500781058785 1
d -8.9786559648504091768 3.1427631352794787034 10 -20.961115500780412191 -20.570652605207708774 1
d 0.46615072371197985301 -0.40178617492420737323 0.088022759529138711043 159.42934739479235873 156.20042823328671489 0
d 0.37180232085106168505 -0.36017441341786110565 0.015094454446352083971 -23.799571766713153664 187.52218112931572591 1
d 0.34150137498041116535 -0.36417554306610916415 0.015469517139784861107 7.5221811293156841671 -19.948936460201817766 0
d 0.28703972983165926269 -0.34440807519283150873 0.073407618406823665902 -19.948936460201831977 -61.151687705081471336 0
d 0.31788551694447092499 -0.40040445746342950839 0.0094775205654795309507 -61.151687705081407387 -93.058434642272715109 0
d 0.33906897576196187716 -0.0039370107639593275584 0.4065104854687347502 -93.058434642273155646 -110.38057295190519369 0
d 1.8331993039340341856 -10.02078401649218975 10 95.835058453793834587 96.582453580784317637 1
d 0.6761091735406894454 0.0065482546995857537908 0.093871905603800112616 -83.417546419215668152 -89.084116429307698581 0
d 0.67781251203268766403 -0.099999997764825848678 0.012689961240011869356 90.915883570692585636 270.47570734176974838 1
d 0.67797443056557593621 -0.11950155801164918934 0.0068122711878865552237 90.475707341769677328 51.506261163237248013 0
d 0.64874995996550466337 -0.15624999503295022851 0.053764558729208322685 51.506261163237475387 -1.3322232381907148646 0
d 10.701356092073131876 -0.30875000357627929715 10 179.13336826280800551 180.8449659437621051 1
d 0.70032035365771416746 -0.45625034920989848697 0.0021233842131979261889 0.84496594376217837308 -113.65506485451389551 0
d 0.69374999403953541144 -0.47124999761581420898 0.014252179221789054372 66.344935145487568207 295.79848122581819325 1
d 0.70674825545059094534 -0.49814001181559219855 0.015614652939898230125 115.79848122581813641 89.673911549043467062 0
d 0.76374998688697881555 9.5173124332214094068 10 -90.326088450964746812 -89.682912514427968631 1
d 0.81929111055394421292 -0.51852824738714653474 0.035994369417301816383 90.317087485572059791 76.280543372181753625 0
d 0.83083331584930419922 -0.47124999761581432001 0.012672409852757863385 -103.71945662781797637 106.35122383453651196 1
d 0.82677835461898763203 -0.45742899220854610354 0.0017311626571129862685 -73.648776165463559096 -181.03795622630721596 0
d -9.173311666204652326 -0.27625000476837097141 10 -1.037956226305674523 1.0267339051652941695 1
d 0.89611461184893548282 -0.095787704587969382808 0.071043253354766036645 -178.97326609483468474 -184.12556148986541871 0
d 0.82607440599044401619 -0.090735751458100671885 0.00082108686065786502285 175.87443851013492235 132.31839404003392247 0
d 0.81865123242291837347 -0.082583049728235477516 0.010204794115924380876 -47.681605959968337061 101.88835113283677458 1

Metadata: 
LoopIdx: 0 18 34 45 63 76 83 97 112 123 134 141 155 170 