80
d 99.086028262227102914 -0.0037499964237274366168 99.999999999999985789 179.53848076855672389 180.45958984797175617 1
d -0.82014233372170208813 -0.80515015096092767966 0.090615228825874624685 -179.54041015202824383 -90.4646034420616445 1
d -0.010000020265573100059 99.100949937004017443 100 -90.464603442060393945 -89.533344640415293725 1
d 0.80374981856022598148 -0.80875736067252157468 0.08697882103860676839 -89.533344640415307936 -0.46164176549601987354 1
d -99.106028302758261361 -0.0037499964237151903364 99.999999999999985789 -0.46164176549610719258 0.4620405290287450395 1
d 0.8044509247590471146 0.80195841267716139189 0.086272086801479686002 0.46204052902872955189 89.532945876877136016 1
d -0.010000020265585347207 -99.10844992985146007 100 89.532945876882607195 90.466532825531857043 1
d -0.82353442166398738156 0.80104194924843175052 0.08719598688972299283 90.466532825531899675 179.53848076854572469 1
d -0.0037499964237151903364 100.79176989414126808 99.999999999999985789 -90.416589236448359657 -89.585532188028537348 1
d 0.72019931865481934263 0.71520032095694929808 0.079188047002090242166 90.414467811971448441 -0.41518403166506173685 0
d 100.79675983436959541 -0.0099999904632629595114 100 179.58481596829682303 180.41741500868528192 1
d 0.72406815721691530907 -0.73906909208388127386 0.075347420158376005039 0.41741500868532305235 -90.416698788961014088 0
d -0.0037499964237274366168 -100.81176987506778175 99.999999999999985789 89.583301211046347134 90.416658862077767367 1
d -0.73149891366412933547 -0.73899985654912658806 0.075416150350707464312 -89.583341137922275266 -180.41737508180946747 0
d -100.80425982721703804 -0.0099999904632507123636 100 -0.41737508180945831482 0.41730545618005043806 1
d -0.73137817701940432968 0.71887914048714507409 0.075536004370196058177 -179.58269454381999708 -270.41658923644615697 0
d 99.277496528460147829 0.46625000238417968479 100 179.98692956771554918 180.01353613052427249 1
d -0.71986783150569322309 0.44262562005186867342 0.002632849403447136416 -179.98646386947524434 -90.156775784741370217 1
d -0.44625001400708541599 100.43961842654158545 100.00000000000001421 -90.156775784719840772 -89.843689298177125124 1
d -0.17344611588663136348 0.44343750716791341393 0.0034469572728742397562 -89.843689298177025648 -0.013071047627723481402 1
d -100.16999655647433087 0.46625000238419189724 100 -0.013071047627353846524 0.013634585394266172942 1
d -0.17245989364037575542 0.49004625736438306438 0.0024605057875844230098 0.013634585393915970436 89.84312576053176258 1
d -0.44625001400709762844 -99.507118421773213868 100.00000000000001421 89.843125760410188718 90.156310086479962251 1
d -0.71905283525404739553 0.48906142341578101584 0.0034480343914101070114 90.156310086479507504 179.98692956745165361 1
d 99.402495090961338065 0.22374999523162228399 100 179.98386652706869882 180.01611443825029824 1
d -0.5943673387791436058 0.19562587647400661583 0.003133615305227675351 -179.98388556174984387 -90.140732912542631539 1
d -0.34875001385807380405 100.19219061190977982 100 -90.140732912467427695 -89.861017298369574746 1
d -0.10619470780573071755 0.1986812426756166261 0.0061964467216908281771 -89.86101729836963159 -0.014364227413327355226 1
d -100.09999511867749789 0.22374999523163455195 100 -0.01436422741333567496 0.016291473449126524925 1
d -0.10282295288029151548 0.25218317710079241056 0.0028237918594110574845 0.016291473449291132836 89.859090052474186905 1
d -0.3487500138580860165 -99.744690621446522982 100 89.859090052333769449 90.140751947148416434 1
d -0.59440064125666358663 0.25190734411246462621 0.0031003034775287994888 90.140751947148118006 179.98386652702200195 1
d 99.412493898842271278 -0.06999999843538419475 100 179.98196383349667826 180.01804817003142034 1
d -0.5839951063386221719 -0.10149889261472047619 0.0035060337433772182682 -179.98195182996852282 -90.079641151705928337 1
d -0.44499999284743652073 99.894898472000491552 100 -90.079641151650406528 -89.920369591817959076 1
d -0.30602365567409633984 -0.10148013647059153652 0.0035248159666986405604 -89.920369591817731703 -0.01803742656302416425 1
d -100.30249388453715653 -0.069999998435371954542 100 -0.018037426563093251347 0.018148974816148917555 1
d -0.3058287028827841314 -0.038325117070602862657 0.0033298016879054182469 0.018148974816188434556 89.920258044015270116 1
d -0.44499999284744873318 -100.0348984688712477 100 89.920258043564913919 90.07962914812223687 1
d -0.58397412781960755801 -0.038522060235234391323 0.003527018860272991118 90.079629148121341586 179.98196383269961984 1
d 99.507496867845901534 -0.18750000000000613398 100 179.98804541138488844 180.01289155359827987 1
d -0.48999900610518543065 -0.209999442549973242 0.0025015948609798644396 -179.9871084464015496 -90.022918314449370314 1
d -0.45000000298022613254 99.787490962787359194 100.00000000000001421 -90.022918314572436316 -89.978012741782777084 1
d -0.4116265829243815344 -0.208374143933002548 0.0041275303786416552704 -89.978012741782421813 -0.01196049724321758545 1
d -100.40749687380636601 -0.18749999999999386602 100 -0.011960497243119944805 0.013009726158285044029 1
d -0.40979467203026692657 -0.16479426572922536987 0.0022952204128634185257 0.013009726158010652408 89.976963512694624114 1
d -0.450000002980238345 -100.16249096278735919 100.00000000000001421 89.976963512867598638 90.021981349589253796 1
d -0.48836310700268842355 -0.16663617029523722368 0.004137848564376254458 90.021981349588884314 179.98804541165901583 1
d 99.404994276077914606 -0.30375000834465637478 100 179.98339757334497335 180.01740359212800513 1
d -0.59161863782585277782 -0.33412397888229733445 0.0033824730496672551078 -179.98259640787199487 -90.108360721348191191 1
d -0.40250001102685317722 99.662314712584034737 99.999999999999985789 -90.108360721296932638 -89.892438735932557847 1
d -0.21477927567808005604 -0.33272830482712645317 0.0047807786372716046946 -89.89243873593242995 -0.016604134898291805084 1
d -100.20999429813163317 -0.30375000834464416233 100 -0.016604134898581982688 0.017540251612465276171 1
d -0.21314242428621746339 -0.2731374569137929309 0.0031434403656510840133 0.017540251612919489227 89.891502618633097654 1
d -0.40250001102686538967 -100.26981472927333527 99.999999999999985789 89.891502619218641712 90.107559555823897313 1
d -0.59021775946714594152 -0.27477469403273435677 0.0047837664098309279348 90.107559555824380482 179.98339757308824005 1
d 99.397473697295779971 -0.43500000238419189724 100 179.95957564106163318 180.03946246640572326 1
d -0.59887438221454736276 -0.50387249498836217398 0.0036282025251347985693 -179.96053753359447569 -90.01009838688609932 1
d -0.58125001192092284885 99.492497749337999835 100 -90.010098386786211222 -89.988938328572103842 1
d -0.56194412892842005025 -0.50555486968319274244 0.0019455173569378381333 -89.988938328571691727 -0.040425751049098498924 1
d -100.55997372113763788 -0.43500000238417968479 100 -0.040425751047442004538 0.03949030858762483942 1
d -0.56357704102127670343 -0.36607888425979451252 0.0035795684280044868728 0.039490308587960827602 89.989873770776981132 1
d -0.5812500119209350613 -100.36249775410637142 100 89.989873771031895444 90.011060279318797939 1
d -0.60055346480258853248 -0.36444756644177855875 0.0019479491826314228233 90.011060279317973709 179.959575641056432 1
d 99.259995490462799239 -0.57500001788139953884 100 179.98472590282534611 180.01546986131526751 1
d -0.73699202409184128015 -0.60199920664423656191 0.0030088405546555346479 -179.98453013868476091 -90.152263721654193773 1
d -0.47125000506638869968 99.394638847449911623 99.999999999999985789 -90.152263721884196457 -89.847931444119126354 1
d -0.20584951020510378061 -0.60165849689832362479 0.0033504561178785427847 -89.847931444119240041 -0.01527469531113074229 1
d -100.20249550059558885 -0.57500001788138732639 100 -0.015274695311977014994 0.015565563289433762689 1
d -0.2053405147468598535 -0.54783375718616778016 0.0028413240177499760747 0.01556556329035625047 89.847640576259820477 1
d -0.47125000506640091213 -100.54463888321269849 99.999999999999985789 89.84764057614164301 90.152067957743554416 1
d -0.73664945324102126811 -0.54834258305514571585 0.003351503082874451693 90.152067957742644921 179.9847259027030475 1
d 99.970475909420059679 -0.12125000357628480663 100 179.63698672175817705 180.36226843277819398 1
d -0.023522419080146111242 -0.75349817440609967445 0.0040028827672610048719 -179.63773156722183444 -90.014194118630541652 1
d 0.0012499997392358022479 99.242495874340093565 100 -90.014194118785923138 -89.985060796167246622 1
d 0.027323126486979345401 -0.75480680829048796276 0.0026939182381000370894 -89.985060796167275043 -0.36301351782450197447 1
d -99.967975909941600321 -0.12125000357627256642 100 -0.36301351782508911592 0.36227322444315551708 1
d 0.026030783342616416187 0.51100658300896573127 0.003994464939505270977 0.36227322444267207047 89.98580108967571789 1
d 0.0012499997392235559675 -99.484995881492650938 100 89.985801089549170229 90.014938964249495257 1
d -0.024822708758372741961 0.51230638033914133178 0.0026943391459263426463 90.014938964249537889 179.63698672220235153 1

Metadata: 
LoopIdx: 0 8 16 24 32 40 48 56 64 72 