272
-0.85913826150092853506 0.71205928878927160497 0.051747487031408155589
-0.85913547033709136702 0.62279095666748551796 0.052343717580767862296
-0.8591326792046591887 0.53352362913725770444 0.05286101269965651217
-0.85912988809919266231 0.44425716376933338525 0.053299374451363422389
-0.85912709701622402836 0.35499141813982681981 0.053658804584317244812
-0.8591243059513091751 0.26572624982957843143 0.053939304532107164303
-0.85912151489999544207 0.17646151642311297403 0.054140875413514664982
-0.85911872385782384054 0.087197075507641899628 0.054263518032465658802
-0.8591159328203474832 -0.0020672153277570006445 0.054307232878146337318
-0.85911314178310815848 -0.091331498492959295454 0.054272020124890664461
-0.85911035074165809089 -0.18059591639779171146 0.054157879632258675018
-0.85910755969153551614 -0.26986061145307377318 0.053964810945017115118
-0.85910476862830187361 -0.3591257260712163446 0.053692813293112526263
-0.85910197754749495491 -0.44839140266748522823 0.053341885591681896528
-0.85909918644465788073 -0.53765778366055483328 0.052912026441055824699
-0.85909639531536174939 -0.62692501147377266424 0.052403234126722604558
-0.85909360415510638287 -0.71619322853571265597 0.051815506619311710312
-0.84416912242552855083 -0.8191068758620166923 0.062200670219730400112
-0.83452592989370821819 -0.82990681937971522153 0.061363585914177967706
-0.7302867611288245131 -0.85543258560529866763 0.040612091033250634353
-0.64002460325112775497 -0.85542976367060907794 0.041218450098241467272
-0.54976347790772850388 -0.85542694176820166518 0.041744115423802533038
-0.4595032378922608296 -0.85542411989347399981 0.042189089153056268111
-0.36924373600413429308 -0.85542129804181599173 0.042553373100130666151
-0.27898482504752886157 -0.85541847620863886714 0.042836968750176937504
-0.18872635783047897462 -0.85541565438934152876 0.043039877259375067253
-0.098468187163958234565 -0.85541283257930122996 0.043162099454954125366
-0.0082101658608523305632 -0.85541001077393452601 0.043203635835182364888
0.082047853264956602248 -0.85540718896864198495 0.043164486569412588435
0.17230601739961659558 -0.85540436715881063012 0.043044651498025325587
0.26256447373022151481 -0.85540154533984902319 0.042844130132476732076
0.35282336944572689763 -0.85539872350714396543 0.042562921655280361311
0.44308285173795430856 -0.85539590165610257522 0.042201024919985646866
0.5333430678026404026 -0.85539307978212908434 0.041758438451175612649
0.62360416484015290806 -0.85539025788060607525 0.04123516044445707518
0.71386629005676160986 -0.85538743594694077732 0.040631188766424859715
0.81823515545668445981 -0.83368845738742980433 0.057563630124797329768
0.82834330366523090117 -0.82304366186632615943 0.057951617340055924799
0.84534348333685127574 -0.71956809564449375483 0.045604372338947922472
0.84534628229568997693 -0.6300448621704770602 0.046196621255174180609
0.84534908122327401259 -0.54052262848583909616 0.046709488294744319625
0.84535188012408291058 -0.45100125095573273537 0.047142975514706343676
0.84535467900262051266 -0.36148058595080478916 0.047497084653723882497
0.8453574778633634601 -0.27196048984627529954 0.047771817132074817502
0.84536027671081070967 -0.18244081902101436099 0.047967174051642587351
0.8453630755494681015 -0.092921429856621870491 0.048083156195971643587
0.84536587438379329207 -0.0034021787365047561139 0.048119764030230119389
0.84536867321829689548 0.086117077955043988546 0.048076997701241228067
0.84537147205745644118 0.17563648383376709305 0.04795485703747121714
0.84537427090578476374 0.26515618251636458025 0.047753341549072743366
0.84537706976774540379 0.35467631762141599294 0.04747245042778103219
0.84537986864785175101 0.44419703277030098132 0.047112182547018779943
0.84538266755057889235 0.53371847158812146805 0.046672536461804157992
0.84538546648042678378 0.62324077770462371628 0.046153510408786478647
0.8453882654418811704 0.71276409475512014779 0.045555102306184196148
0.82400878607106542439 0.81331959181174617868 0.063017274417647456408
0.81577721584954776546 0.82145228793282509816 0.063089398390760706437
0.71429104870137016814 0.84163743437055227314 0.046815488883822600763
0.6238089217211809645 0.84164026335919361888 0.047421252591346711724
0.53332782840300907434 0.84164309231552258961 0.04794592371930293806
0.44284762044310616025 0.84164592124415393837 0.048389504417457936125
0.35236814954352824181 0.84164875014975248924 0.048751996503330966015
0.26188926741116314023 0.84165157903694021169 0.049033401462148719363
0.17141082575675853361 0.8416544079103510656 0.049233720446918503855
0.080932676293972008463 0.84165723677463799568 0.049352954278389975229
-0.0095453292616679286109 0.84166006563441331245 0.049391103445094799995
-0.10002333919368923409 0.84166289449432774017 0.049348168103328933498
-0.19050150178560423808 0.84166572335902045676 0.049224148077190096884
-0.28097996532194818853 0.84166855223311665135 0.049019042858535671892
-0.37145887808920713402 0.84167138112126682614 0.048732851606995579441
-0.46193838837687839494 0.84167421002809494901 0.048365573149973070666
-0.55241864447828803453 0.84167703895823464677 0.047917205982597195491
-0.64289979469176250504 0.84167986791634152866 0.047387748267766524601
-0.73338186354583390081 0.84166559476981306354 0.046794129395348722789
-0.83361361388018018204 0.81838954220677773144 0.066461530497338452972
-0.84066163105173186132 0.81099109103445143898 0.066714860238717560437
-0.63987206243415595264 0.84167977325211240647 0.04740677655666903495
-0.549259890091327585 0.84167694019751493339 0.047934224891381424505
-0.45864860926018918841 0.84167410717078472437 0.04838034767118536833
-0.36803807099729751728 0.84167127416726739142 0.048745146729320266987
-0.27742812636422475858 0.84166844118232164718 0.049028623564782186639
-0.18681862642631277827 0.84166560821127767156 0.049230779342437795687
-0.096209422251849419094 0.84166277524947774591 0.04935161489296377435
-0.0056003649111113426584 0.84165994229227014678 0.049391130712891022359
0.085008694524659353386 0.84165710933499526814 0.049349326964596047784
0.17561790498430096541 0.84165427637299994323 0.049226203476302583806
0.26622741539757804885 0.8416514434016283408 0.049021759742070854238
0.35683737469620518956 0.84164861041621552573 0.048735994921828645898
0.4474479318149812701 0.8416457774121178792 0.048368907841322500429
0.53805923569250246885 0.84164294438466946691 0.047920496992119580859
0.6286714352722968524 0.84164011132921456859 0.047390760531610905126
0.78749247748836359584 0.83240613291844622879 0.055402513240347416035
0.83625236594637297749 0.78182969653413036948 0.054085600456067382813
0.84538547491857207739 0.62351066746358130288 0.04615182565104762602
0.84538263662178936286 0.53272923042680164762 0.046677828408063025412
0.8453797983528406057 0.44194868362532896411 0.047122202550547741262
0.84537696010704455052 0.35116887728339613028 0.047484949911306549575
0.84537412187971350264 0.26038966163012239319 0.047766071986483478462
0.84537128366617397823 0.16961088689852513167 0.047965569935527023471
0.84536844546172673631 0.078832403324531369337 0.04808344458126023041
0.84536560726170084656 -0.011945938854010631006 0.048119696409830242656
0.84536276906141460952 -0.10272428939831938777 0.048074325570758184856
0.84535993085619443033 -0.19350279806966871887 0.047947331876918131144
0.84535709264133751528 -0.28428161463037582291 0.047738714804539714165
0.8453542544121780411 -0.37506088884478983037 0.047448473493198445317
0.84535141616402964537 -0.46584077048027983103 0.047076606745820766264
0.84534857789219464141 -0.55662140930822345819 0.046623113028681155423
0.84534573959201408933 -0.64740295510499490383 0.046087990471323864172
0.83648840142568481326 -0.80361083136298994134 0.053739794203505747427
0.78597395666512859247 -0.84689487578529454304 0.04849585441751595033
0.63235237220165063654 -0.85538998437872226788 0.04118015465055834684
0.54148361258217236891 -0.85539282527806370648 0.041714554994339417271
0.45061575929108260707 -0.85539566614907347475 0.042167173649084753462
0.35974866213492712186 -0.85539850699643826815 0.042538012485020870734
0.2688821709251615899 -0.8554013478248684299 0.042827073034433407739
0.17801613547727004883 -0.85540418863903477931 0.04303435649170485322
0.087150405609727435441 -0.85540702944365998306 0.043159863713317356271
-0.0037151688569046392892 -0.85540987024341819112 0.043203595217861275046
-0.094580738101103650761 -0.85541271104301741524 0.043165551186008704887
-0.18544645230131262537 -0.85541555184714490601 0.043045731460573929961
-0.27631246163686623563 -0.85541839266050634372 0.042844135546480234533
-0.36717891628911708546 -0.8554212334877832058 0.042560762610755059621
-0.4580459664423392474 -0.85542407433368083947 0.042195611482512718204
-0.54891376228476640442 -0.85542691520288482998 0.041748680652956268733
-0.63978245400947308941 -0.85542975610011284804 0.041219968275371603184
-0.79346787974170851498 -0.84693560404842571643 0.048553358435076077182
-0.84975877436493241213 -0.80689422251779796547 0.060338004840037692822
-0.8590957655487619915 -0.64706650679910426849 0.052277521076162646041
-0.85909861094455208796 -0.55606370236800295448 0.052813578428182988977
-0.8591014563118781755 -0.46506180852148398808 0.053267603427142734551
-0.85910430165545081937 -0.3740606743665138012 0.05363959795502211414
-0.85910714697998258327 -0.28306014901509707338 0.053929563553788840979
-0.85910999229020523771 -0.19206008158327622648 0.054137501425359502161
-0.85911283759081569222 -0.10106032119013082238 0.054263412431642933653
-0.85911568288655182357 -0.010060716956776462674 0.054307297094553411143
-0.8591185281821230868 0.080938881994635517025 0.054269155595988702312
-0.85912137348224204558 0.17193862654191865991 0.054148987777850002279
-0.85912421879163491933 0.26293866756385220196 0.053946793142035764923
-0.85912706411501194026 0.35393915594118174894 0.053662570850450348747
-0.85912990945709766244 0.44494024255761926989 0.053296319724968566067
-0.85913275482259598981 0.53594207830084494848 0.05284803824744654932
-0.85913560021625290375 0.62694481406350732744 0.052317724559697596776
-0.84981390138569345982 0.78687453562501896709 0.060420138638166885625
-0.79673760305895047207 0.83272018600342556649 0.055175996965712334474
-0.69659162426408538504 0.46584370930923579834 0.02565272798568611623
-0.71986783150569333412 0.44262562005186861791 0.0026065209094126048743
-0.64176083014341078758 0.46625000238418529142 0.026175998689642727274
-0.56371870952562141976 0.46625000238418912168 0.026296937384939038373
-0.4856767320739621141 0.46625000238418995435 0.02635756342756835624
-0.40763480267393775724 0.4662500023841891772 0.02635787700223485297
-0.32959282621130919777 0.46625000238419012089 0.026297878109891439924
-0.25155070757160830075 0.46625000238418895515 0.026177566567730813085
-0.17344611588666253299 0.44343750716794450017 0.0034124877001890860373
-0.19582283069278183518 0.46674165485047802715 0.025568010279437863863
-0.17245989364037572766 0.49004625736438311989 0.0024359007297085591599
-0.25059179500645334393 0.46625000238417702025 0.026175713199943318604
-0.32865830412006674655 0.46625000238418207177 0.026296794213666326023
-0.40672466982806032565 0.4662500023841847363 0.026357524872962577456
-0.48479098733410547206 0.46625000238418584653 0.026357905362999034526
-0.56285735184163865341 0.46625000238418429221 0.026297935684915622195
-0.64092385855432565389 0.46625000238418456977 0.026177615655888289425
-0.71905283525403296263 0.48906142341576658294 0.0034135540475162483819
-0.5661986252179698198 0.2237666009241758569 0.030993220981120929436
-0.59436733877915171043 0.19562587647399856672 0.0031022791521641032535
-0.51295761724805111204 0.22374999523162777959 0.031110274964096573669
-0.43161719322356512096 0.22374999523162802939 0.031209787264973629095
-0.35027687892233771993 0.22374999523162988901 0.031243777944972548483
-0.26893656664280923829 0.22374999523162555914 0.031212247116616523984
-0.18759614868347540551 0.22374999523162455994 0.031115194675523791951
-0.10619470780573071755 0.1986812426756166261 0.0061344822544739220985
-0.12963304246479168125 0.22543133621052927063 0.029341530552073048083
-0.10282295288029115465 0.25218317710079274363 0.0027955539408164482851
-0.18479949540101472949 0.22374999523162725223 0.031110692699686963436
-0.26670589073066586216 0.22374999523162791837 0.031210459346655464175
-0.34861217590983856196 0.22374999523163205395 0.031243789394550369048
-0.43051846090393131039 0.22374999523162864001 0.031210682955236570407
-0.51242485567843032435 0.22374999523162653059 0.031111139917583231079
-0.59440064125666358663 0.25190734411246462621 0.0030693004427535318206
-0.55247281527169622706 -0.070010469819995660434 0.03468295302663779861
-0.58399510633862716791 -0.10149889261472538893 0.0034709734059365621693
-0.51448031036320507337 -0.069999998435380586526 0.034726609683611589507
-0.44500936500132637352 -0.069999998435377214223 0.034750514268053943334
-0.37553841964847811674 -0.069999998435380697548 0.03472662257977789102
-0.30602365567411460301 -0.10148013647057331499 0.0034895678070571787416
-0.33744023820956797755 -0.069902688239091959055 0.034596890088798501472
-0.30582870288278818371 -0.038325117070606887215 0.0032965036710320017727
-0.3753872188187404868 -0.069999998435378685269 0.034726518453871250969
-0.44490158357857151339 -0.069999998435377436268 0.034750514220530846765
-0.51441594824322811608 -0.069999998435377339123 0.034726653950454308695
-0.58397412781960755801 -0.038522060235234398262 0.0034917486716702695639
-0.46831322728248619969 -0.18831745840637265088 0.023948002514319565587
-0.48999900610518543065 -0.209999442549973242 0.0024765789123700554866
-0.45081229972781428073 -0.18749999999999794609 0.02475894357357193501
-0.4116265829243815344 -0.20837414393300257576 0.0040862550748552110141
-0.43158881557527262185 -0.18658459563296223016 0.023851018202288944148
-0.40979467203026026523 -0.16479426572921870853 0.0022722682087254644605
-0.44907945204924237803 -0.18749999999999589217 0.024758942644782577086
-0.48836310700268842355 -0.16663617029523722368 0.0040964700787324923731
-0.56189643795229349266 -0.30444892562934822156 0.032778190691295817916
-0.59161863782585288885 -0.33412397888229738996 0.0033486483191704835213
-0.51621560249530229481 -0.30375000834464832566 0.033531894955154281646
-0.44087014124551326955 -0.30375000834464610522 0.033588636085783121765
-0.36552472359024956727 -0.30375000834464760402 0.033589156482659601743
-0.2901792639252448458 -0.30375000834465409882 0.033533456147246828993
-0.2147792756780800838 -0.33272830482712639766 0.0047329708508989619398
-0.2429856679121562002 -0.30293336191437458815 0.032661452780423830267
-0.21314242428620547298 -0.273137456913780996 0.0031120059619778104969
-0.28859307533947636815 -0.30375000834464904731 0.033531679288545841733
-0.36398562769977338416 -0.30375000834464455091 0.033588581167544200035
-0.43937813624691329784 -0.30375000834465182287 0.033589192014725779978
-0.51477068674581549779 -0.30375000834465132327 0.033533511831846614382
-0.59021775946714594152 -0.27477469403273441229 0.004735928745732671287
-0.5812500119209230709 -0.41092757961999332172 0.021060658831459303647
-0.58125001192092373703 -0.45739396307374818873 0.021061044974316846939
-0.59887438221454747378 -0.50387249498836228501 0.0035919204998833037697
-0.58040955916399539216 -0.48707997349115350616 0.0202180509019401905
-0.56194412892842005025 -0.50555486968319274244 0.0019260621833684459479
-0.58125001192093339597 -0.45905785011689836939 0.021060662304630002606
-0.58125001192092795588 -0.41257446245994050527 0.021061037966766324447
-0.56357704102126071621 -0.36607888425977863633 0.00354377274370218159
-0.58206495794831591972 -0.38294555108231953522 0.020243315718038491086
-0.60055346480259874653 -0.36444756644176840021 0.0019284696907908677969
-0.71009949119503057435 -0.57517080323326807978 0.029605968014319708481
-0.73699202409184116913 -0.60199920664423645089 0.0029787521491090990754
-0.66106291038460651688 -0.57500001788139765146 0.029879126071120518104
-0.58520576585978811845 -0.57500001788140187031 0.029993223539414307771
-0.5093487525615161271 -0.57500001788139532 0.030050336143068834965
-0.43349178313607061863 -0.57500001788139265546 0.030050464046520144329
-0.35763477022993295229 -0.57500001788139509795 0.029993607250124551533
-0.28177762648940707368 -0.57500001788139709635 0.029879765590208200859
-0.20584951020507458175 -0.60165849689835282366 0.003316951556658946209
-0.23231735146579546303 -0.57474626338348711041 0.029523632042661195063
-0.20534051474687101124 -0.54783375718617888239 0.0028129107775880625789
-0.28129382379081685484 -0.57500001788139532 0.029878856651498430369
-0.35717467397879304469 -0.57500001788139365466 0.02999308853307437045
-0.43305539272043708232 -0.57500001788138632719 0.030050299928512713699
-0.50893606745138952885 -0.57500001788139565306 0.030050491002624309111
-0.58481678560704364322 -0.57500001788138810355 0.029993661755966110477
-0.66069763462305985957 -0.57500001788139354364 0.029879812024818704769
-0.73664945324102459878 -0.54834258305514238518 0.0033179880520410936703
0.0012499997392268445695 0.42174763544024229667 0.029006421042816976641
0.0012499997392268966112 0.3313549714944743485 0.029452028710085249169
0.001249999739228447454 0.24096304761500261793 0.029816720072319842505
0.0012499997392286070486 0.15057171599504645676 0.030100496620318127616
0.0012499997392325483403 0.060180828832142881091 0.030303359514093481525
0.0012499997392290546072 -0.030209761673619484751 0.030425309582904680461
0.0012499997392291829768 -0.12060020332003401622 0.030466347325246015409
0.0012499997392321771095 -0.21099064390396496393 0.030426472908874735435
0.0012499997392265635443 -0.30138123122226961881 0.030305686170785606226
0.0012499997392311154587 -0.39177211307276493812 0.03010398661724991709
0.0012499997392266190555 -0.48216343725510552032 0.029821373423743028491
0.0012499997392326177292 -0.57255535157214976216 0.029457845435026379366
0.0012499997392301197274 -0.66294800383017171708 0.029013401165059585218
-0.023522419080146114712 -0.75349817440609967445 0.0039628539395883902868
0.0019000252540967083655 -0.72922878958738457378 0.027992580619662404268
0.027323126486979265604 -0.75480680829048785174 0.0026669790557191513924
0.0012499997392280831621 -0.6642474335752155401 0.029006422166756119785
0.0012499997392331277379 -0.57385414258403433241 0.029452032457414244887
0.001249999739226483747 -0.48346159166796126572 0.029816725320431735485
0.0012499997392292280796 -0.39306963301736153049 0.030100502246620138708
0.0012499997392219804049 -0.30267811882647416288 0.030303364396014002141
0.0012499997392301648302 -0.21228690129244542906 0.030425312597882246679
0.0012499997392285064346 -0.12189583261436159889 0.030466347350718330639
0.0012499997392274378449 -0.031504764992282725811 0.030426468822272092346
0.0012499997392242181982 0.058886449373724523981 0.030305676849515447713
0.0012499997392284856179 0.14927795828455259208 0.030103970938685772202
0.0012499997392321771095 0.23966990954302114236 0.02982135026524052393
0.0012499997392344912306 0.33006245095484265661 0.029457813673880724886
0.001249999739235674312 0.42045573032958988291 0.029013359678503547467
0.026030783342636639593 0.51100658300898604836 0.0039545202900818166372
0.00060436360373026273667 0.4867243663084646621 0.027996952612919030062
-0.024822708758369175369 0.51230638033913766805 0.0026673957544720884594

Metadata: 
LoopIdx: 0 76 144 162 178 190 198 212 222 240 