11
-0.50787050199432992592 0.1297230363089044991 0.022055695336697978687
-0.49533923289209502716 0.058862007644773700621 0.031874862622659733136
-0.46254739281039514154 -0.0014774392272640830825 0.035239439595598040511
-0.4125615925023378705 -0.048403953717123721079 0.032325949615808542703
-0.34750935709007574337 -0.07836113452566598192 0.022980080010800759543
-0.26998098846193735456 -0.086047449921406241047 0.0068405179472899270074
-0.35489848029089698933 -0.076179547419588947155 0.024259650766662588239
-0.4321706542238886728 -0.033443697000219110849 0.034084524883695663244
-0.4864212992687639292 0.037315482246264471133 0.033706878368263672174
-0.50767725394948615136 0.12288428964603828608 0.023232855117867799027
-0.49546167333254242937 0.20721771549551640246 0.0054190011727919262796

Metadata: 
LoopIdx: 0 