209
-0.42273009373581499348 0.80161201870809162262 0.050460921154115045972
-0.49596109306925895144 0.74098526780360884914 0.11050726670239138794
-0.56919897211455305897 0.80930691177807823067 0.042841579772748474009
-0.64247232705821932797 0.8337500107288359219 0.018562502489951816786
-0.59187716973239334894 0.82209376688665303234 0.030163386337507373108
-0.55228756756076791135 0.76461287964708635201 0.054676331174524875345
-0.49250000715256214701 0.68829703856060242551 0.11406540028240885754
-0.49250000715255759509 0.61216218640073072343 0.11420706198383934193
-0.49250000715256303518 0.53602750814525634837 0.1142912719135404237
-0.49250000715255648487 0.45989291532711340516 0.11431803031613928245
-0.49250000715256003758 0.38375831947958910506 0.1142873372693641032
-0.49250000715255976003 0.30762363213595622646 0.11419919268405333279
-0.49250000715255726202 0.23148876482906244334 0.11405359630414625693
-0.59829220570371444143 0.11132275295292418105 0.026114389950560534803
-0.64145948389720530702 0.10125236097883348607 0.016091332074430586552
-0.64174317069857311768 0.099816709814835966053 0.01466962715613479018
-0.56816671896353931892 0.12861860231687713418 0.043263596943281697194
-0.49463287210734258048 0.19788063470646233277 0.11185951911271438397
-0.42109954507202151941 0.1300108480096432706 0.04464138543670316539
-0.34752396519235545513 0.10124999776482583591 0.016087513222082554937
-0.39012987544143701291 0.11089720584060180908 0.025691472239903260372
-0.43571196799458505877 0.15985911251817111478 0.057644262073446340955
-0.4925000071525625911 0.2362332916848139952 0.11406434805072913907
-0.49250000715255404238 0.31243524272286321564 0.11420646399915321267
-0.49250000715256281314 0.38863701908118891692 0.11429102686499920116
-0.49250000715255587425 0.4648387094610084147 0.1143180368943653713
-0.49250000715255182193 0.5410404025631387892 0.11428749416583840193
-0.49250000715255259909 0.61724218708841016579 0.11419939859053898634
-0.49250000715255337624 0.69344415173807738562 0.11405374991211685021
-0.39723728779899480923 0.81653985426966180228 0.035660903767231535988
-0.35198501672661325346 0.82996579255181379686 0.022315285152604200786
-0.3494450953145135097 0.83825145928886002356 0.014108854880861537023
0.68454159302307016066 0.66110314129931857519 0.04258673374187159355
0.67975880273744704319 0.72238430334845604719 0.047339604800935235207
0.68676152102329013349 0.78366696098243149304 0.040387627605567792688
0.70500001311302173956 0.84497215621808541286 0.022275025317267008185
0.68140395782315454909 0.77524004075920727175 0.045696472096895514314
0.58659461981585481194 0.82338310840585626771 0.028888426605381965079
0.55704312375008968594 0.83241881248149995898 0.029246249151314705761
0.5213009807666931783 0.85690695243988723728 0.0037638203562854076131
0.54427965327079308455 0.83106420282677617717 0.026515964574730249009
0.51974523065042588232 0.80522096283061062039 0.0022235326020332820199
0.5877444909155888908 0.82283046968889927975 0.028845684019865387021
0.64980838995614809139 0.77892240843036397724 0.036829288288594649869
0.68156656475230958936 0.67697240992742580001 0.045540217812413054388
0.68763539567483722426 0.64967777251114866566 0.039516417247563252746
0.70454672170295051803 0.61277731685386682692 0.02274131470023043472
0.72304535843191708455 0.59977510523142829602 0.0044128748110531775331
0.39705727667498097455 0.79360004936490091687 0.035547635687230683121
0.344581174649047417 0.72707251959529828333 0.067253627611301450284
0.31366500896028276513 0.65591430271052131307 0.098020241353365844539
0.29398838485439715562 0.59067191623244608145 0.11760242664680170543
0.28302449810442253941 0.52901355656947690598 0.12851463486312941775
0.27948019222094722114 0.46905286864581202666 0.13204372643094994255
0.28295482380386305366 0.40910111834252882446 0.12858843527362290304
0.29384069550847008445 0.3474705890296885813 0.11775845299009193856
0.31342050300428653253 0.28227823363566473258 0.098277468957040162167
0.3442053797083117761 0.21119872966154107363 0.067646799034224269764
0.39495079824822670878 0.141098659753798511 0.032179120001707042786
0.4696105301990898262 0.088413338447429795641 0.002861527550327143659
0.44775611891366279282 0.11529152569468233136 0.024500893313523095657
0.47041889811635329011 0.14217006007688853808 0.002061088097161115941
0.40953916573284970815 0.13120799053486401076 0.028435242739294236403
0.34819636866538028475 0.20325104049216016766 0.063578120189200323931
0.31335835442066006795 0.28244910271586970429 0.098339305207422095245
0.29157791420161893736 0.35743686047156641994 0.12000972291011002824
0.28077163431769336377 0.4323882258844010118 0.13076000874683196828
0.28093236354090056484 0.50732798500652853679 0.13059727781540494962
0.29206020916267638743 0.58228091090609968017 0.11952142242934533922
0.31416253717188263872 0.65727179099422383679 0.097525111939620476309
0.40201455053611812041 0.79731273996864315823 0.034030461068402073632
0.46680610535044481102 0.80257290032545292036 0.0056382057363753594267
0.45096940538333168957 0.82628732146215233545 0.021319020363503162624
0.47038369558972409346 0.85000304509920121543 0.0020957866922770361333
0.54586920242609227039 0.11609383303512139929 0.028088937663192647953
0.52056024712422943601 0.092625720512626075198 0.0030303093232899695753
0.57821235350722044455 0.12279391347528358092 0.031147332924857978192
0.62626133910224734969 0.14571425058703937894 0.03322154949947035002
0.66449808303101209894 0.18230301509139731908 0.032644467933655385572
0.68969246139471540591 0.22974206035914335189 0.02943172307425710385
0.69875001907348643915 0.28456528756828969318 0.023691329835497824258
0.68558940940928392305 0.21892050855544595289 0.030330794069520630035
0.64690901950089430006 0.16255865878329736618 0.033263633117222718427
0.58873462600841364178 0.12626736160689577826 0.031789249275556624719
0.52058553720894773509 0.13956186057452468763 0.0030554190934541773129
-0.64998393738635951156 -0.65439794278027896279 0.11653291897204071104
-0.64996833391295494309 -0.57647259271614814669 0.11667324734108276696
-0.64995273047434243274 -0.49854741639349536841 0.1167533884305806402
-0.64993712705151762687 -0.42062231895099305712 0.11677334248441303965
-0.6499215236254973771 -0.34269720552769766808 0.11673310956332387522
-0.6499059201772789951 -0.26477198126258782995 0.11663268954486870344
-0.62661707088592089043 -0.18679368115637418057 0.093431509327198417059
-0.54858152925175784898 -0.1086116851227575536 0.015970567756932486925
-0.61146532059685376748 -0.17161349458760383202 0.078396038760553468649
-0.67427379420771615948 -0.18567291516509848437 0.092329414672709012035
-0.73711196483138785585 -0.13291675682305831296 0.040076270822910722846
-0.79996991814967588486 -0.11500000044703483082 0.022275017121056669284
-0.75193980443219166077 -0.12546193027907448503 0.032684500049789726173
-0.64990358175179385736 -0.25309364401211598139 0.11661245412200023364
-0.64991965323322320458 -0.3333562742673999435 0.11672424708288724193
-0.64993572468869398318 -0.41361877486824016881 0.11677218811741980897
-0.6499517961389573717 -0.49388124947042938429 0.11675627738037482051
-0.64996786760476943368 -0.57414380172962620197 0.11667651482038161881
-0.64998393910689122865 -0.65440653530189030196 0.11653290017992176675
-0.7574472494420916302 -0.77849470565052447668 0.028768414288160921305
-0.80176293933768871813 -0.78625000476837159091 0.02110978136084096235
-0.72621607651675423867 -0.76154598261804440362 0.045575273892090054084
-0.65250000357626647407 -0.69249864065613764286 0.11395905342074505451
-0.57878621827039400394 -0.75844410709639464852 0.048646131493653245459
-0.50503133903156460782 -0.78625000476837170194 0.021037532326281291328
-0.5467952084509758448 -0.77733166210076687364 0.029919036611643013562
-0.60744369187856994685 -0.73264977920841911629 0.074199369863765490818
-0.45365203486774791086 -0.11501295318111486032 0.018661461939508412755
-0.47091267935537484135 -0.13299971428203502533 0.0015718201231013501085
-0.41920863946377184828 -0.12057101458831021024 0.02534806724666448588
-0.33781217168612476254 -0.17006978112653944879 0.074347617672845228709
-0.29745168312389702603 -0.24227370870557704552 0.11395799692311429918
-0.30732106836086781065 -0.3048008052261250711 0.10420602933033898396
-0.34278076401048107602 -0.36735654733865952259 0.069080895445138443267
-0.40135575911332443955 -0.50031324451942915665 0.043813139275710205611
-0.46895384783327082046 -0.4795095134943161419 0.0035118698584760050553
-0.44936851766959917676 -0.50467931794051301697 0.022904251171423264943
-0.47083034170733317758 -0.52984997638517483676 0.0016536776080247298382
-0.39459214783489343636 -0.50012305301389659018 0.048077744080318049469
-0.35759202535367551334 -0.59257291999206429534 0.054363842563350125991
-0.30250231236789482114 -0.63671254638199881182 0.10892030259980294005
-0.30242936505773587719 -0.68081773699642322839 0.10899087459868718464
-0.33960214303433389205 -0.72494894527096487291 0.072168890176526265257
-0.33960214303433367 -0.72494894527096476189 0.072168890176526459546
-0.33220482180990801302 -0.71732452438796390215 0.079497232525151895199
-0.28988399953721627478 -0.69916722876806181031 0.099258653913563615889
-0.25733121634312894344 -0.72178694909267882007 0.078422662134032816716
-0.19614066980145758445 -0.7387379186564521083 0.05707957895197727366
-0.16132752078053833045 -0.72771357291437988035 0.041698299398169921814
-0.12689365442958944197 -0.69378199314616584292 0.019237544615320140845
-0.16231506620480534719 -0.72826405428637075445 0.042209445125385609832
-0.26300971496919928194 -0.7184628147503300255 0.081443357578141598041
-0.30250137433587348523 -0.63230313052358444459 0.10892033571827521021
-0.30185748035391768429 -0.58993718625596835992 0.10828230130887259164
-0.28331404919859770608 -0.54755905298724105723 0.089905932419928460964
-0.2833140491985978171 -0.54755905298724116825 0.089905932419928516475
-0.34647255467407422902 -0.51354131393145230344 0.0770677422029683451
-0.35384527757151368332 -0.43643651673351469 0.05825881217522131672
-0.347656393845052758 -0.38056026374997614647 0.064244839508628262537
-0.30523516819685198032 -0.29983712455418032317 0.10627100009554753257
-0.29773484861582744099 -0.27224599362063095498 0.11369147381534056018
-0.29699542548573520939 -0.24650304584164756116 0.11441218027200222851
-0.30266363547730656958 -0.21963974019678819682 0.10878183588051996977
-0.31048479539635942537 -0.17355297710060979544 0.077779843989966998552
-0.36378693010149898424 -0.14891210351580477789 0.053409996833959569318
-0.4171163605553930287 -0.12122763675720286958 0.025998836145822046273
-0.47047232807195116244 -0.097026275702470618501 0.0020077725145619730075
0.33992603676476651486 -0.32680385711253717718 0.02026996643831871156
0.32940867650022626067 -0.39818751962791543164 0.026220927701841985347
0.31360738279761546377 -0.46833289165009606148 0.026747875002821316914
0.29780624917661696616 -0.5384775530352764461 0.027223622921403189262
0.28200525928862735237 -0.60862157635845082204 0.027648172688094687505
0.26620439678564378205 -0.67876503419188027877 0.028021525400918997906
0.22143050419713791732 -0.78964579731939210649 0.027600903595569423188
0.17365950358695861344 -0.79499999642372132236 0.022597164690255067826
0.23084161983967066423 -0.78643861473420551 0.030778937236524282067
0.28415814527462418537 -0.78555555841800650541 0.031653163020644962955
0.33748200594675470398 -0.79499999642372132236 0.022275015389210835876
0.28266149985900407282 -0.78501798837752301274 0.032185741367024976733
0.25630289916314114018 -0.72475123545423003613 0.028680000959960275098
0.27428458013016038253 -0.64289534672351444922 0.027836997652328186736
0.29070373651879122257 -0.57000714814641395556 0.02742079113041255567
0.30712304017316688354 -0.49711829582471500633 0.026949302264594361678
0.3235425094366092269 -0.42422870832839987276 0.02642252973812002706
0.34040660614438650322 -0.3485532037688091056 0.025640785592166683016
0.3390755036326107974 -0.29900101124701061739 0.013170217006767893225
0.33765007142464198431 -0.25240544609923132313 0.0012555144199595206101
0.50717988685777704028 -0.22527339134777207841 0.11934880763349946242
0.52758717584067782447 -0.28881112279596649062 0.11856631097943280684
0.54799479692341279691 -0.35234988823109142375 0.11773966454098892809
0.56840276833280212188 -0.4158897444020179246 0.11686886647290897767
0.58881110829698923848 -0.47943074806177043978 0.115953914831349994
0.52718641900515117449 -0.60773078941988978308 0.035383832888842517428
0.45240280809631366887 -0.61500552052145374127 0.024775915854559314722
0.41273536473546679204 -0.61500552052441503914 0.024774469972108175558
0.37305470456826167469 -0.59410387392267205442 0.0040648082062848464591
0.38081409393259463281 -0.62080457086606133377 0.019020932900960765138
0.35745890288846143834 -0.63817154171827961129 0.0018121163759491467141
0.40814462517299959776 -0.61500552052475110365 0.024773296657367775003
0.4588120799211151124 -0.61500552052097712252 0.024774687282209415656
0.54438681029887858731 -0.6026847632929016596 0.048093071998076081242
0.64444911430205897851 -0.6560629060762164233 0.11421441393965331423
0.56982245607744286264 -0.78633487295894111124 0.030913730572268691144
0.51642700154006782043 -0.79874999284744263583 0.01859288099247868864
0.58878015168460973161 -0.77521842050326505991 0.041934166068605532862
0.65999999642371132147 -0.70338074276573592236 0.11307858538963298789
0.73120629519719604339 -0.75620655033657580013 0.060755922311122971535
0.802473290740169376 -0.79874999284744263583 0.018562530648502058306
0.78858242498263542153 -0.79560217261390819843 0.021697511332812734891
0.69295020223585535035 -0.72782550764797016019 0.088872889032692428679
0.64579973234126319959 -0.66030458538003311553 0.1141547109214283845
0.62072197687846031311 -0.58610675141137158484 0.11654591554241015838
0.59892242903173553703 -0.51091216541069595092 0.11548425053693513187
0.57498113334313327716 -0.43637136691174777114 0.11657876424981949981
0.55104035293628483849 -0.36183217273338186271 0.11761251407544151548
0.5271000583833314046 -0.28729449125250666741 0.11858550318946016466
0.50316022025882611857 -0.21275823085346742825 0.11949773458084882172
0.57189510635616103151 -0.10953734171782712747 0.024306915615399209141
0.51903673298075270193 -0.18117574605956046629 0.095254040905826162233
0.4662277765759142989 -0.16870341605316360734 0.082903887460564401612
0.41335528632922302616 -0.096422366095506473194 0.011315441268481322978
0.44728601438925946754 -0.14280846666623267516 0.057260244115935526876
0.48118526360843477674 -0.1891515330681366458 0.10315104930423632523
0.38730474952596866123 -0.19487809410954309852 0.016291562586901873338

Metadata: 
LoopIdx: 0 32 48 74 85 112 152 172 