6
d -1.18336966159218826 -0.39783822066221002922 0.79720923008989252878 33.568926717538992932 8.632525561339974729 0
d -0.37901746654989920682 -0.27572429121434577359 0.016359614836304662427 -171.36747443866005369 -70.101430292995573268 1
d -0.51877697191368876695 0.11038719541960144432 0.42698693912221713509 -70.101430292995701166 -0.36576555283517031558 1
d -0.20358546032690408301 0.10837504435754012622 0.11178900491537820117 -0.36576555283516798411 30.16323860313115901 1
d -0.30442930035333737315 0.049769114963967749088 0.22842577026559379716 30.16323860313115901 169.47297931860200038 1
d -0.46414838918317635752 0.079449216065147681975 0.065972405455842167421 169.47297931860200038 213.56892671753900004 1

Metadata: 
LoopIdx: 0 
