19
-0.30846931376831543403 0.078809431850827116328 0.1971147241565693875
-0.2945669094392299181 -0.0096339163881521000521 0.1709469711719681928
-0.30765519310563721467 -0.10300716707030925512 0.12553635165375634508
-0.33710566422108856344 -0.19279573231770663622 0.072805142081944843047
-0.37901746654989920682 -0.2757242912143458291 0.016196018687941588637
-0.34034940559441828611 -0.20039960904409631626 0.067936602329290302071
-0.31572172907908974127 -0.1331280458306818848 0.10882133005464635078
-0.30150969481099010316 -0.073313569938414799299 0.14104329534122997392
-0.29510404601205342257 -0.020067968961410623252 0.16636990287724690019
-0.29466522079994361683 0.027529133277970699312 0.18616810250920010072
-0.29891656131170135646 0.070320771336289542019 0.2014705228404972126
-0.20358546032690311156 0.10837504435754037602 0.11067111486622341343
-0.27398120955030591528 0.086138974616373820137 0.17918322414135964826
-0.29484049631412218018 0.076065604942233855379 0.1984312277904434485
-0.30436731145767315088 0.076556816585201192815 0.1996216169516036032
-0.31605652197897043942 0.082120220471881666402 0.19210816475904873846
-0.33561000499150805965 0.087366231156195295338 0.17778551525237282216
-0.37334589342544299839 0.090248191566793797835 0.14701547260350147917
-0.46414838918317596894 0.079449216065147751364 0.065312681401284086724

Metadata: 
LoopIdx: 0 
