12
d -0.2124145263959775487 -0.52531341115637453232 0.45100210554802155904 90.575364645584315326 166.51525078474585939 1
d -0.64537099628921901218 -0.42149163648343790367 0.0057715296453154686651 166.5152507847456036 327.54360627871761835 1
d 0.069243537456457129875 -0.87598706448210128528 0.8411287159044412709 147.54360627871710676 109.7609774758040686 0
d -0.21689138649898720423 -0.079515135010255838521 0.005181350881717332324 -70.239022524195874553 90.575364645582794765 1
d 0.6730889418257774981 -0.15595127878465125937 0.4222497437355679506 100.09472498140073071 244.11027916902432366 1
d 0.51533057301004747686 -0.48099021148691201155 0.060949299916819389689 -115.88972083097569055 -27.528078884486063771 1
d -0.33836505608280242896 -0.036052516257464910232 1.0236360505103492269 -27.528078884486028244 14.872057873187767285 1
d 0.60704620691640220898 0.21500833218586473672 0.045457127292906497618 14.872057873187761956 100.09472498140070229 1
d 0.088271758669443992074 0.22233321250814333525 0.37472526912060144522 153.24119989891713089 48.362717712259289726 0
d 0.34812559982638890954 0.51463032668747765719 0.016377814121637350453 -131.63728228774081686 4.2613202386568556079 1
d 0.030928822305226436051 0.49099551703655086587 0.33445390548508052708 4.2613202386569977165 196.70912961648514283 1
d -0.26710875310200754562 0.4015281924484920828 0.023277430597328542528 -163.29087038351482875 -26.758800101083018319 1

Metadata: 
LoopIdx: 0 4 8 