56
-0.29831404239952546975 -0.10021529644154711369 0.017138849943798439845
-0.37375999462591824596 -0.13137356059763402594 0.025048531031763396348
-0.44283741769181866887 -0.17212884441598283458 0.029005378738812905015
-0.50513709918103677499 -0.22186812246692935724 0.029085791483445543743
-0.56015078104790017033 -0.28017731426753100799 0.025291341565634641725
-0.60720012681084001294 -0.34678454453449009121 0.017548691018967887967
-0.6453709962892191232 -0.42149163648343795918 0.0057138143488622630817
-0.60862688503146211705 -0.34915450837512906901 0.017219828295485434255
-0.56185963191166010677 -0.28227478279163337183 0.025096567811335703663
-0.50586045483206565354 -0.22253509125431744642 0.029062691705625288974
-0.44179011171214099818 -0.17140864628453336693 0.02897287166810489159
-0.37112069318067603119 -0.13006546686896008902 0.024830426287025676724
-0.29554889744957457687 -0.099303808455584993697 0.016787029030761988629
-0.21689138649898720423 -0.079515135010255838521 0.0051295373729001508475
0.55680255185313853872 0.13048462703164898091 0.11197782482144646998
0.52367385743916183838 0.064756137347838194085 0.15416553626495566043
0.50083396576437044789 0.0098214171732075861154 0.1813522973295014773
0.48480080590792129502 -0.038751824503759219054 0.19846110514626252863
0.47368526298320784429 -0.083772901458991966273 0.20808294049770115208
0.46646691012839425206 -0.12728929933680968589 0.21151274074241516177
0.46267785456347737538 -0.17104775338691929898 0.20918480646025064407
0.46228451947609477957 -0.21681715448451530093 0.20080590656224736601
0.4657024765093671359 -0.26671506655571031175 0.18526613442481937311
0.47395934810090006861 -0.32367963095265561702 0.16027452399796177085
0.48912008490207048439 -0.39234613335060453121 0.12147792672696383631
0.51533057301004747686 -0.48099021148691201155 0.060339806917651186979
0.48681499617369866639 -0.38321360137048127159 0.12711857026982173458
0.47006237870900619003 -0.30037832420826421354 0.17136232065845954931
0.46265965746541526382 -0.22680521986153734382 0.19820986876550111822
0.46341428309186349921 -0.15850675857062335172 0.21043391757212664972
0.47199181373913595694 -0.092326608366345472301 0.20921431721171260265
0.48880262483057335121 -0.025387765424100837419 0.19443562541894357509
0.51507368764909711167 0.045369752966509836745 0.16465884118788040591
0.55313308106154079891 0.12372582516719426993 0.11675365293903745834
0.60704620691640220898 0.21500833218586468121 0.045002556019977456303
-0.24451068806991535509 0.50027289427464027849 0.058269616702676718667
-0.19140339146963392114 0.59318398456406817854 0.088864445608930794918
-0.10847143660631201889 0.66606337145767147145 0.10955898787474652178
-0.0039125458770521703844 0.70549051833058940009 0.11597613285332381006
0.10769823646668069683 0.70436300577461929961 0.1066188642706036166
0.21035634305687594958 0.66502544418863918096 0.083647680915549166292
0.29220900047767767171 0.59750979023041761451 0.051773850027394457962
0.34812559982638890954 0.51463032668747765719 0.016214035980420975214
0.30290932409415693982 0.58499117234185138425 0.046222220535762179039
0.24967535546252805911 0.63781355742899492611 0.070294467208136257597
0.19259198318929565685 0.67483385119842642652 0.088748326591681178654
0.1342318955269598546 0.69797254520763185592 0.10209813105836354485
0.076126588005654208247 0.70885868755394032537 0.11083225497680360139
0.019204041862552152786 0.70865615924751224064 0.11531292416623144248
-0.035889199834075895257 0.69802790301231709691 0.11573701794368203288
-0.088541079732308736183 0.67715517769907451751 0.11212352199387720653
-0.13795723275250468265 0.64578134029196399002 0.1043125944615573425
-0.18293422814959625633 0.60328519144711534317 0.091974922110671111786
-0.22159142017985283823 0.54882214301791021338 0.074643199566990739435
-0.25105056490830846005 0.48161443602833114985 0.051795328218275954457
-0.26710875310200754562 0.40152819244849213831 0.023044656291355290756

Metadata: 
LoopIdx: 0 14 35 