76
d -0.34499999880790771511 -9.5747371721946024081 10 89.636577813135161819 90.373858187346911564 1
d -0.41061039231262153049 0.48026607794184317246 0.05521730665182152803 -89.626141812653088436 -100.28345338693149813 0
d -0.42267856822938748573 0.41375000774860376529 0.012384678998823095072 79.71654661306850187 289.34244153630078245 1
d -0.41603263678416857463 0.39481717691906365042 0.0076807262548600260116 109.34244153630071139 89.922523122010360908 0
d -0.40249998867511688205 10.402488753569056001 10 -90.07747687798877223 -89.922227324231499779 1
d -0.38892419977025532996 0.40109787430566562483 0.001400093079834536158 90.077772675767789679 -0.97306717368938988599 0
d 9.6110335762321419395 0.23125000111758647892 10 179.02693282633674698 180.96902379420541251 1
d -0.3896291089768850191 0.062096107509833256555 0.0020931400909721745163 0.96902379420547346545 -90.073729296320109938 0
d -0.4024999886751181033 -9.9399887513338818223 10 89.926270703689311858 90.077960054852411531 1
d -0.41612615118561446792 0.074384923503270500289 0.014382945123284768957 -89.922039945147503204 -99.026723974590140642 0
d -0.42000000365077672093 0.0499999988824129174 0.01030776733477828562 80.973276025410072521 273.88316904760159787 1
d -0.4121025572502142742 -0.066347581639751879168 0.10630753677669491086 93.883169047601697343 89.619572071313427841 0
d -0.34499999880790649387 10.039737183221461692 10 -90.380427928684895278 -89.624393309790292506 1
d -0.27906198600821846556 -0.018432229403801084211 0.058385544141882829428 90.375606690209707494 80.919656729386943539 0
d -0.26812499730537669995 0.049999998882412924339 0.010915159967834533669 -99.080343270613084883 102.99394256173530948 1
d -0.27092469731521107157 0.062132683881797205749 0.0015363606396796751843 -77.00605743826555738 -181.03332589587910206 0
d -10.270834557037231249 0.24250000528991283444 10 -1.0333258958777007397 0.99373026809297859696 1
d -0.28163023146295990129 0.41576879110863135258 0.0092930615390975548212 0.99373026809309339402 89.636577813136938175 1
d 9.7699936676959779902 0.41625000536441741916 10 179.94493825631698769 180.05801201050897475 1
d -0.22849403799799047898 0.40612652721307029857 0.0015071692917980124456 -179.94198798949071261 -106.9870837696606003 1
d -0.24664466900352965961 0.34671058616183847434 0.060619310223000613669 73.012916230338817059 15.681134655471495876 0
d -0.20810616119311781125 0.35752958156342917739 0.020590979683833544184 15.681134655471558048 -0.33609204700829781176 0
d 9.812312420062752949 0.29875000566244064304 10 179.66390795298806893 180.34879192165379891 1
d -0.21389100074841821408 0.23771406223075891573 0.02638920159576902541 0.34879192165381922575 -2.3875469276609693203 0
d -0.21965910628561780005 0.23795456160938466272 0.032162318729466565781 -2.3875469276609688762 -103.43663029495874639 0
d -0.22767416761556763527 0.20440601010271142179 0.0023303836337691271295 76.563369705041239399 179.92460400213002458 1
d 9.7699867926949277575 0.19124999642372070285 10 179.92460400218340055 180.0846805954155343 1
d -0.22852441895673486494 0.17647263400104579167 0.0014778682065132999705 -179.91531940458418148 -90.199272587125847167 1
d -0.19375000149011550876 10.174934293669197771 10 -90.199272587129826206 -89.81265084192156678 1
d -0.16112106437087650446 0.19627336339519360631 0.021285723655858075631 -89.812650841921552569 -70.007191365999815957 1
d -0.19931451585550777339 0.30125000327825546265 0.1329944281396490402 -70.007191365999915433 68.132866027362723571 1
d -0.16451948736444904631 0.38794902769028738465 0.039573794221377592284 68.13286602736270936 89.831855840125911072 1
d -0.19375000149011673001 -9.5724342871126868459 10 89.831855840126294765 90.198301625212707222 1
d -0.22835439371757196292 0.4258585079865510048 0.0016473216586943397258 90.1983016252126788 179.94493825626170747 1
d 0.28279954543515095633 0.23035930843861132655 0.2009838554594387261 100.69806682833649347 258.88531381203279125 1
d 0.24461269360920528948 0.0359830360854126452 0.0028920310286924804516 -101.11468618796737928 -0.10182671201790030602 1
d -9.7524794875318239207 0.053750000894070282254 10 -0.10182671201785852 0.11057461769713504418 1
d 0.24640078639433557472 0.07304677538094403455 0.0011011057309276101133 0.1105746176971006689 118.84336826051516312 1
d 0.23499896536848741135 0.093749476463393405234 0.022533685463722773201 -61.156631739484232924 -183.18130299320932863 0
d -9.7866055008209364985 0.22875000536441864041 10 -0.76635393863648904045 0.68971854477283356388 1
d -5.8958179513347754863 0.27558902180432393036 6.1089305263594200213 0.68971854477283323082 0.82008057652953303407 1
d 0.23667221711734270917 0.36336999930613234078 0.024187862044073294571 -179.17991942347049417 -290.71737471971488276 0
d 0.2458231806428288202 0.38756512956842636974 0.0016799647269206733312 -110.7173747197151954 -0.10913348346795746779 1
d -9.7524787175373379711 0.40660930426628677514 10 -0.10913348346881061868 0.11216505288152663067 1
d 0.24580521891758669306 0.42618246460395536879 0.0016969048453935357216 0.11216505288199561663 100.6980668283378435 1
d 10.272482430206295589 0.053749999031423911777 10 179.90354677671831496 180.09668667881771853 1
d 0.27465504258606893151 0.036878640420237765452 0.0021583771600745494876 -179.90331332118228147 -97.676732320193792702 1
d 0.30164999303201739389 0.23715009042204629464 0.20424098659345976681 -97.676732320194687986 -55.919777043016438256 1
d 0.4078696319745335197 0.080147631897709084581 0.014682595379130457605 -55.919777043016502205 -0.37212568525660694174 1
d -9.5772371697293898762 0.14499999955296577481 10 -0.37212568525654043938 0.39570995659490898477 1
d 0.42472891251474742536 0.21407909277683911942 0.0022046285547863693315 -179.6042900434049443 -287.57234094051040074 0
d 0.42937500402331346683 0.22874999791383737735 0.013184381284861254602 -107.5723409405107418 109.97944112444709219 1
d 0.41855908337633018768 0.25849970538306221712 0.018470464062198824889 -70.020558875552779909 -90.406391282695082623 0
d 0.3475000113248818967 -9.7597187513868757236 10 89.593608717300540434 90.387916708393802878 1
d 0.2794992478403763303 0.28392498794362114323 0.043873937203072060909 -89.612083291606239754 -103.50285252110749923 0
d 0.26624999940395355225 0.22874999791383743286 0.01286953915251248283 76.497147478892614458 293.4907085197224319 1
d 0.27402800226986945287 0.21085388014814979152 0.0066437475943571010564 113.49070851972220453 89.9157050949838208 0
d 0.28875000774860443142 10.217486798059345787 10 -90.084294905012328059 -89.915764349944225842 1
d 0.3034541549848966957 0.21596166681380818408 0.00153594018848857909 90.084235650055859423 -0.36355516771072438065 0
d 10.304788754912465265 0.15249999985098777744 10 179.63644483216950221 180.36322544248363897 1
d 0.29792511029036822245 0.089060839075811346066 0.0070647309378043627801 0.36322544248365618014 -27.399984972292877217 0
d 0.28036765954022341285 0.098161751275499156688 0.026840743673191315433 -27.399984972292902086 -103.06279185824017475 0
d 0.27396847597806678332 0.070581776487120870267 0.0014718782398311098646 76.937208141760308422 179.90354677674329764 1
d 10.267477434942268388 0.40874999761581359836 10 179.89284391663153428 180.10957830996537155 1
d 0.26919418320570098757 0.38962823461047019213 0.0016984630500165253091 -179.89042169003374738 -77.80676890980575422 1
d 0.2891040053053172687 0.29748896159606608158 0.09256736664272664783 102.19323109019354945 15.46883464144022291 0
d 0.33359951472269161465 0.30980259817171307279 0.046399455665200727006 15.468834641440224686 2.8116132165942571142 0
d 0.40125000476837158203 0.31312500406055948643 0.02133256914072756763 -177.18838678340586057 5.0424315753100961146 1
d -9.5773346718010330392 0.37250000238418640164 10 -0.32945257495925123203 0.32121626058526314695 1
d 0.41131226302887102797 0.42849975418738944777 0.011196089576648620562 0.3212162605853151609 19.616832996817382906 1
d 0.40500000119209289551 0.42624996900554917856 0.017897297143981080042 19.616832996817336721 160.49071734173676873 1
d 0.40142354906152205585 0.4275171092584276189 0.01410300481698127488 160.49071734173668347 173.47833639027044228 1
d 0.35615386659575226647 0.43269227753733152664 0.031461526534351615114 -6.5216636097294031771 -70.312348884524453752 0
d 0.36572751511092549404 0.40593594486458906001 0.0030439952554642186501 -70.312348884524610071 -131.44167005194714193 0
d 0.2887500077486038208 0.31875000894069671631 0.11326131013788981461 48.558329948052900704 99.507486391074706944 1
d 0.27054584516058494126 0.427446545475625439 0.0030509268238838598182 99.507486391074294829 179.89284391664469354 1

Metadata: 
LoopIdx: 0 18 34 45 63 