102
-0.3245727248671878562 0.37235127176563470597 0.052361675591617931613
-0.36731144458790782048 0.40472326645381800914 0.020309473922616661651
-0.41636423122427940191 0.41389636859846534733 0.011287333278589621946
-0.42267856822938748573 0.41375000774860376529 0.012260832208834867088
-0.41927450993632453535 0.41391841946014040765 0.011576732735551528708
-0.4024742046294370601 0.41379311445174116191 0.011191317240911401176
-0.37824078601560967572 0.4116156415927723633 0.013455944735142704588
-0.32984627378742487069 0.33269075366426470453 0.058016566328304208788
-0.32988440830355980626 0.26529651900324352498 0.058433475772942528037
-0.32992254134146026257 0.1979048967920090385 0.05839807800584189551
-0.32996067640625448281 0.1305096924995296781 0.057910364892588064856
-0.37941346983758850175 0.052038861986647824698 0.012119967741840270356
-0.40286882083868991167 0.049958017506860415147 0.0099526921070496980615
-0.4180388063081303951 0.049942619421936076951 0.010032738342454345509
-0.42000000365077672093 0.0499999988824129174 0.010204689661430500075
-0.41565867936579431463 0.049954091492270785713 0.0099480059957177558588
-0.36736744952513156193 0.060026742127749832534 0.020061848008004971866
-0.32353980686418859491 0.091316772071341145711 0.051040878071849378472
-0.27382688703219421056 0.050351451677119379857 0.010491099231706178807
-0.26812499730537669995 0.049999998882412924339 0.010806008368156184984
-0.27932764249488095665 0.051763199698377060365 0.011692283774044093941
-0.3299589550440668595 0.13355181546105099333 0.057942126706083396659
-0.3299191518379028798 0.20389508681515855493 0.058419538847336881238
-0.32987935050044381313 0.27423505565188183164 0.05840419744289247761
-0.32983954704608697828 0.34457876563233386102 0.057896098652054660272
-0.28163023146296034538 0.41576879110863090849 0.0092001309237071948743
-0.21846403379464507388 0.41599284318200224764 0.011426872246946814804
-0.22849403799799042347 0.40612652721307035408 0.0014920975988800891376
-0.18709825100091490024 0.40491499220831966843 0.022422018333964229692
-0.14195307445357047138 0.36644152531967183473 0.045698105880468367634
-0.12790245645077868986 0.31745174078149684949 0.059169855271920868134
-0.12888678489183105769 0.27784289704908005092 0.05819102233442963179
-0.14142788565533379042 0.23642469912491922979 0.04562452981121917911
-0.18773084994425362493 0.19571932033262756656 0.020575379267446427395
-0.22767416761556763527 0.20440601010271144955 0.0023070797974314091738
-0.21452807102063370381 0.19044101709120689336 0.015330252476198536274
-0.22852441895673489269 0.17647263400104576392 0.0014630895244481286876
-0.19478857346840500187 0.19361254378985362501 0.018491414127262441325
-0.16112106437087678201 0.19627336339519516062 0.021072866419301044399
-0.13780962449681721793 0.24512929091057170106 0.049236142033681186414
-0.12820894654622233544 0.28252791863639392655 0.058870742896711465708
-0.12791587438194479409 0.31757210744864333707 0.059156346626960544521
-0.13678012499897268528 0.354668582695985668 0.050242808716206989461
-0.16354569698336743344 0.39295052373897632059 0.034133597720928429697
-0.19637672379176349113 0.40851714039978748172 0.018857744577173856521
-0.22835439371757193516 0.42585850798655094929 0.0016308484421074533575
0.18720339605817956641 0.3759113243820565442 0.026577481963450725472
0.16016214796560951372 0.31340847866453974691 0.05234336620641598381
0.14895692304162544417 0.25760789704810155287 0.063751710606318151564
0.14886432603959576237 0.20410464623544039009 0.0638546101886825479
0.15985051489850254924 0.14839672855843935584 0.052687225050056518683
0.18620104766064676793 0.085586399529936546537 0.026672871597740975547
0.24461269360920637195 0.03598303608541132681 0.0028631107184038666509
0.2305673266861139048 0.054512105475196442894 0.016783625125650947912
0.24640078639433557472 0.073046775380944020672 0.0010900946736183546749
0.2138157574088254409 0.060070673309961367115 0.017080591192486203195
0.15691020903734537173 0.15892464795240809905 0.055676738053208253698
0.14772993740905679405 0.2221062191287341836 0.065005716785676265213
0.15309373583817459386 0.28525327931876626186 0.059538763560997930158
0.17611640145307896899 0.35559431828352661142 0.036104420623554019099
0.21207613012726195256 0.3984299296596157669 0.018452911656352651709
0.24582318064282876469 0.38756512956842648077 0.0016631650796515564869
0.23060632543668735384 0.40687341111259445192 0.016745803997119900614
0.24580521891758672082 0.42618246460395536879 0.0016799357969395770692
0.29143023091133846147 0.053729664794671422312 0.018758322677487480196
0.27465504258606893151 0.036878640420237737696 0.0021367933884737645538
0.32084774715059427574 0.061637358738219336085 0.027404627694199996946
0.35485219529603906352 0.092248308633774311893 0.049382205296307699061
0.4078696319745335197 0.080147631897709070703 0.014535769425339137642
0.3637848111976112464 0.12484224601921885267 0.058368005989489234187
0.36376805959351610209 0.16924968784020641421 0.058375541925362040008
0.41546208613313101443 0.22664294523553243921 0.013272977993689479698
0.42937500402331346683 0.22874999791383737735 0.013052537472012635048
0.42375738402298823715 0.22836249793875224023 0.011990661395150243804
0.37209268296533193343 0.18968103519169504656 0.050064121502819323994
0.3260524607780469486 0.21899337887797673541 0.021052172616023413776
0.27317925006657750586 0.22894541769653997676 0.011353011444658705348
0.26624999940395355225 0.22874999791383743286 0.012740843760987354688
0.27027603244663744864 0.22896635195933845441 0.011734717303570701974
0.2887448426269461077 0.22879762061555614094 0.011197714329327273022
0.31417769233776032811 0.22663305345211803843 0.013456674585937754979
0.36376643924065266145 0.17354514068653650871 0.058365853994426404594
0.36378229516043403269 0.13151210127180579246 0.058381671126618274459
0.34348155235712751754 0.078108247557020352159 0.039391918959981508941
0.30058858456196430042 0.054336622566824713254 0.021210193139212199509
0.27396847597806567309 0.070581776487122299679 0.0014571594574309956142
0.28600339634965288305 0.40853901006924647765 0.018340699585692125245
0.26919418320570093206 0.38962823461047013662 0.0016814784195163235119
0.32158449529371674336 0.4056498645354913446 0.020161541627099214408
0.37275366087406519577 0.37933890674142572985 0.024220787995613557442
0.40083238090308725976 0.32061997512738033 0.021481096113288519062
0.40125000476837158203 0.31312500406055948643 0.021119243449320285189
0.3953672539599836222 0.35290766359854280898 0.027006040446685721651
0.39611429666889652612 0.39066011236064385193 0.02626915318457226714
0.41131226302887013979 0.42849975418738928123 0.011084128680883041304
0.40499964607436128583 0.42662833585308368445 0.017343740828500014972
0.40142354906152538652 0.42751710925842684174 0.013961974768814843645
0.39917917960709736747 0.39857003674677965455 0.023217565452969077949
0.36141636305434127197 0.38349996955627196904 0.019604402951331804938
0.32730754397191547111 0.40351899406025382167 0.019933890265743003239
0.30076840847813024471 0.4103406378564610768 0.020676671992878127571
0.27054584516058494126 0.427446545475625439 0.0030204175556449970944

Metadata: 
LoopIdx: 0 26 46 64 86 