30
d 8.0150297591252250839 -4.7172070881427430322 10 147.85775638731664117 150.40523870068668089 1
d -0.66764137717870697397 0.21418659258672637091 0.014639631162832109079 150.40523870068673773 269.02078901908026864 1
d -0.49699532569630860968 10.19808871653893334 10 -90.979210980920711904 -88.432147841341091521 1
d -0.22378126873015044551 0.21621328729079633546 0.014386197836831038366 -88.432147841341091521 28.493001420027610493 1
d -8.9998914956896811645 -4.5474378638964818578 9.9999999999999982236 28.493001420029202109 30.998925095319894041 1
d -0.44026956115759074972 0.59548331277591781685 0.014171747341719000482 30.998925095320046808 147.8577563873094789 1
d 9.6544109542909417598 -0.2410384240446142301 9.9999999999999982236 178.62026206382037685 179.33799462155408833 1
d -0.35217728979783741172 -0.12541542190331050888 0.0072562156347302717019 -0.66200537844597939774 -88.593015812929067465 0
d -0.10645873396638810826 -10.129654491251864457 9.9999999999999982236 91.406984187068431424 92.226604963926391179 1
d -0.49466763516076689422 -0.14515626239117049301 0.0079576145270020774009 92.226604963926618552 179.07622578765091248 1
d 9.4960760729558728599 -0.30624999850988449124 10 179.07622578769624511 180.87237782991616086 1
d -0.4856422404113185376 -0.45824204401045892654 0.017124559060881606315 -179.12762217008372545 -91.212606466098463898 1
d -0.27438068250100561274 9.5223977462762672275 9.9999999999999982236 -91.212606466097057023 -87.471723930116510815 1
d 0.16638577775971563621 -0.45976551001780280314 0.0081103715163961843937 -87.47172393011661029 3.6319824200325272479 1
d -9.8054353739042632299 -1.0927278051231792411 10 3.631982420032398462 4.1871312222190946173 1
d 0.17239316893178441292 -0.36225497319510474581 0.004531622640749660702 -175.81286877778083522 -272.54609123496283019 0
d 0.61682499062694962078 9.6324002656955070023 10.000000000000003553 -92.546091234956691096 -91.865717562372864791 1
d 0.29145240870935623656 -0.35618883330992240355 0.0061128930814033305766 -91.865717562372722682 -0.57778046713597419615 1
d -9.7019265607522164885 -0.25541046977405251761 10.000000000000001776 -0.57778046713580732963 1.3206504820081290674 1
d 0.27657605188730466361 -0.025368245245612871391 0.018846067937850794621 1.3206504820081272911 86.92491206700425721 1
d -0.2588594229228972643 -9.9921502067332035324 9.9999999999999982236 86.924912066995659643 90.434801816652296225 1
d -0.33468516611215087808 -0.00044479403599741694497 0.0080068756302246173878 90.43480181665221096 178.62026206382103055 1
d 1.9889098672061664708 9.9441483715613205874 10 -101.49057598670150071 -100.72845439622021502 1
d 0.12904745375054174628 0.1278285898229683526 0.0090429760541613207064 -100.72845439622021502 -19.360308819205528152 1
d -9.296946262618490664 3.4399071989903569069 9.9999999999999982236 -19.360308819206380804 -16.10695816856519258 1
d 0.30377436411604891164 0.66753846178232278952 0.0070092080671586339674 -16.106958168564986522 75.353626341158872037 1
d -2.2229784730138617554 -9.0007284494955452914 10 75.353626341157038837 76.086802348333392843 1
d 0.17971603107832778701 0.69852835581532857212 0.007576697549081832378 76.086802348333478108 159.37151217985024232 1
d 9.5314699391464916545 -2.8218725160025273091 10 159.37151217983915785 162.64239145897400363 1
d -0.00052386211048005559832 0.15753002092902651521 0.013221475156489978856 162.64239145897403205 258.5094240132848995 1
