75
-0.44113219423900451588 0.50902692459828757787 0.058573527257311561178
-0.441987135344427573 0.42334145568681441629 0.10218181223362765575
-0.44632169201390825553 0.34049174513329755198 0.14085005602195962982
-0.51946492740456462478 0.29874955895185772992 0.099628988186061515075
-0.59323274205083120769 0.2566509310101712793 0.05751545132749171646
-0.66764137717870697397 0.21418659258672634316 0.014493234851203753988
-0.59324493240626574586 0.25664397408403311074 0.05750844746362565596
-0.51948909994044278893 0.2987357639031731904 0.099615276775692443434
-0.44635764646874875883 0.34047122624949377467 0.14082992550568376733
-0.37283483864226180104 0.30216389894349415801 0.10226335218239863967
-0.29864132395068249126 0.2593807708898359099 0.058719775042855575087
-0.22378126873014975162 0.21621328729079591913 0.014242335858461933548
-0.29743754693577328929 0.25868662199567776794 0.058008854315931140944
-0.37044837566927613093 0.30078776315328420443 0.10087116399473523842
-0.44279327650568955921 0.34254690390607267503 0.14280383865544027389
-0.44195936034654142999 0.42612517225251500541 0.10077357508749637538
-0.4411181838333462224 0.51043110106248801294 0.057854413140513073766
-0.44026956115759074972 0.59548331277591870503 0.014030029868300842102
-0.29281721272496624708 -0.043009001207182179227 0.050292834901625296795
-0.25130563557778323736 -0.085210905689005023156 0.092127240979863550541
-0.20203206998927317195 -0.27362098625180952816 0.20167696429372908296
-0.39652258836123172037 -0.24109461336876397697 0.10611490758169217496
-0.44535023066096984801 -0.19336481306688096948 0.057353481657886035139
-0.49466763516076694973 -0.1451562623911704375 0.007878038381732012721
-0.42992370634594168077 -0.20844448700215797987 0.072783186995464224656
-0.36602135200185470509 -0.27091005912501830988 0.13646086393293804795
-0.35937798921836672239 -0.3327253464876198108 0.14306527289767670408
-0.42210473173967316685 -0.39508071226417806887 0.080607189695099806803
-0.48564224041131848209 -0.45824204401045892654 0.016953313470272839136
-0.40309559052264004597 -0.3761841155967571293 0.099575496708620467312
-0.32195262639770699797 -0.30380820277774878146 0.17194210683069643952
-0.24180907396632964068 -0.28816289265833022748 0.18749143852148450473
-0.16212367471537209029 -0.2544795573373531683 0.22025347387946930811
-0.082699474019105184697 -0.23472994556686493928 0.23857978042291588805
-0.0014836873562792231643 -0.29007727750871326045 0.18189360013988822851
0.082062531794288559595 -0.38405378478557455901 0.086266586481011389709
0.1663857777597155807 -0.45976551001780274763 0.0080292678012322971776
0.11616996837082985139 -0.41467799566471319483 0.054699911625843963825
0.015689469167047304099 -0.209976441111438622 0.21183447232992938525
0.21548268458283315052 -0.27690811792604574926 0.081741780264927690891
0.25332169413444793893 -0.31639626641100387916 0.044119298061312525738
0.29145240870936028887 -0.35618883330992667791 0.00605176415058346958
0.22778015402917808907 -0.28974154843178273611 0.069531597698296337962
0.16419854412963363899 -0.22414089737105039046 0.13248708912302006868
0.13878192848186912678 -0.15900632058377711653 0.15723111907109954544
0.20719248113148469592 -0.092659118228743994616 0.088649056439893764159
0.27657605188730394197 -0.025368245245613527117 0.018657607258473221656
0.19648982735778403041 -0.10303896619308608451 0.099406805067119408115
0.11769732158080731255 -0.17945498861027422977 0.17828153795151541194
0.041828162201517915531 -0.20028009841312574557 0.20147909779314701617
-0.033971289146112818025 -0.23346488013549812623 0.23633651516469225684
-0.10874509950989598439 -0.23475066144073927776 0.23903133579993129931
-0.18287484669973688711 -0.15750409243398652559 0.16340975001397120558
-0.25817865073288459588 -0.078223593979568309398 0.08521263023391352498
-0.3346851661121509891 -0.00044479403599730939212 0.0079268068739222225655
0.050625004122241828997 0.18775035344843976626 0.052398265903463345228
0.095289963032171187685 0.18640301433201691972 0.05960961540989066082
0.12904745375054074707 0.12782858982297007344 0.008952546293621658699
0.089942786515898556776 0.22687224857101587205 0.077659253056368490742
0.11534022068809317296 0.30323926926100636114 0.078031303420967340623
0.14073740196742384745 0.37960552953265941367 0.077757058207837695396
0.16613767290111719488 0.45598108002225595792 0.076836427182343083886
0.19154437766314424962 0.53237597625749744079 0.075269107385928762932
0.21696086381592344372 0.60880028395473217984 0.073054582892813815787
0.30377436411604819 0.66753846178232234543 0.0069391159864878402402
0.25224244031968201529 0.6382364888468612385 0.047815469870894244941
0.20941930818384493773 0.64202183710587867882 0.054640781880104662138
0.17971603107832787027 0.69852835581532835008 0.0075009305735912155944
0.21377271342721668179 0.59921390034422905568 0.073367824503198161845
0.18822073296278729604 0.52238217759746363722 0.075510887819861316483
0.1626781967341057733 0.44557885252827272859 0.076999833810651410748
0.1371417033389396023 0.36879369753046997715 0.07783515787403331998
0.11160785459180555534 0.29201649467026230544 0.078017137858079052548
0.086073253714683883864 0.21523703024591617217 0.077545834286010931202
-0.00052386211048006253721 0.15753002092902651521 0.013089260404925071035
