12
d -0.3047067493895757595 0.1972987894103797879 0.4081772271713187128 93.020133517346806684 237.06894343548702864 1
d -0.5151499072670976398 -0.12761050657283606879 0.021069524698515182393 -122.93105656451299978 16.713998870035510436 1
d 0.17299360062589502762 0.079025718137399988961 0.69742892124119071351 -163.28600112996471694 -225.66888037148422086 0
d -0.32538223752008488265 0.58917578882543697461 0.015755185894349120479 -45.668880371484164016 93.020133517346920371 1
d 0.49649316580920899167 -0.26637977445730059989 0.35879531664703928628 -119.47464526371133786 47.232994976137526066 1
d 0.58406963644558063109 -0.17169647434333418223 0.22982025886610746301 47.232994976137533172 75.474085091425791916 1
d 0.54974851619330555863 -0.30415920975601284937 0.36665707981858508546 75.474085091425806127 215.27586663821909951 1
d 0.42543965336200528782 -0.39209620550295348762 0.21438886711675922414 -144.72413336178090049 -119.47464526371133786 1
d -0.64849891103070089748 -0.73973464232337204916 0.13391589298012496201 100.47974969628165809 283.18169246287669694 1
d -0.60852974328906384027 -0.91038931428996971995 0.041356898502141845042 103.18169246287675378 42.992653243158606813 0
d -0.37413174884142547105 -0.69186583326681383443 0.2791036007166428079 -137.00734675684142871 154.62746082333515574 1
d -0.68458756640983275954 -0.54463287582493336014 0.064495523873555657413 -25.372539176664904659 -79.520250303718412965 0

Metadata: 
LoopIdx: 0 4 8 