66
-0.39925712530012663626 0.54957034862519937857 0.043003184117414799958
-0.4606623713516623253 0.5030059670473222555 0.064337847635003053703
-0.51069683437227209044 0.45138202468333210593 0.080272817538741367271
-0.55033240286417162146 0.39594425671435529157 0.091355750261603377305
-0.58030682357174401265 0.33747891898169668501 0.097985486407084113059
-0.60107275270408844214 0.27646295357711336838 0.10040616083420794702
-0.61276997972443547624 0.21318165241119987896 0.098707782655055434362
-0.61520288671926948165 0.14782838219347338438 0.092827154948617943142
-0.60781473058651347419 0.080602001827665789579 0.082547191047489809623
-0.58965761214581324801 0.011819278336245984951 0.067495974338703967899
-0.55936535243497109704 -0.057937166878714578544 0.047150824490584421211
-0.51514990726709752877 -0.12761050657283612431 0.020858829451529951188
-0.56441412754889352943 -0.048115676539853033389 0.050350594387256641937
-0.5985985285167259029 0.040598239241573373659 0.074368318921203185878
-0.61457916999100947741 0.13520738060193474017 0.091223719964544897065
-0.61036127579043908398 0.2314608537358991136 0.099613336214508615973
-0.58550710286842655439 0.32464584246971217585 0.098850807380516728107
-0.54129402691636085976 0.41020200052268268598 0.08899956318186913462
-0.48053551937580568643 0.48432598253408148947 0.07086026968503487955
-0.40711562240623810904 0.54440370334155097076 0.045817479695143388529
-0.32538223752008493816 0.58917578882543697461 0.015597634035405653213
0.47764906792732303442 -0.33395214425715963324 0.28575813890489409896
0.49508676158714115534 -0.31404593833197769204 0.30799732500937837543
0.50441612299997484747 -0.30301789125811834369 0.31809721838821886086
0.51066244001323501944 -0.29530980342902440894 0.32331591664746078818
0.51549910391629660822 -0.28904071250396673465 0.32592705619162076758
0.51969155735202576807 -0.28330925146047281071 0.32677569824978358604
0.52370999524698946814 -0.2775025649027047514 0.32609947324912047506
0.52797209244399478933 -0.27099237738635639783 0.32371044031028189947
0.53304216452937125403 -0.26282439444866645406 0.31885305863552176886
0.54003071694500370814 -0.25100644131227017875 0.30949703902268177469
0.55205377611062711463 -0.22982676321123399199 0.28936600658642885886
0.58406963644558040905 -0.17169647434333445979 0.2275220562774467048
0.5840696364455831846 -0.17169647434332846458 0.22752205627744018224
0.55042891538758931258 -0.2327276578111395211 0.29227006460617055428
0.53791810117461569263 -0.25463240381666968348 0.31257954545225213883
0.53047839770045168706 -0.26700658798440968233 0.32155626181733176772
0.52480609335957806305 -0.27586240553902530159 0.32564724728075833404
0.51964589991899456933 -0.28337339566382735434 0.32677466933235599367
0.51419479815365831676 -0.29076367647538203798 0.32537692921912603206
0.50752513053953229871 -0.2992254969117478236 0.32090496022144870958
0.49784988695217013976 -0.31082185782961857523 0.3111892039172265978
0.47993372751738888615 -0.33137280644608435587 0.28880862214849778447
0.42543965336200234573 -0.39209620550295670727 0.21224497844558731785
-0.64849891103070089748 -0.73973464232337204916 0.13257673405032369129
-0.64849891103070089748 -0.73973464232337204916 0.13257673405032374681
-0.64849891103070089748 -0.73973464232337204916 0.13257673405032371905
-0.64849891103070100851 -0.73973464232337216018 0.13257673405032360803
-0.64849891103070089748 -0.73973464232337216018 0.13257673405032363578
-0.55090702023215420979 -0.72088314071054315768 0.15514907720294765503
-0.37413174884142652576 -0.69186583326681572181 0.27631256470947435089
-0.37413174884142552656 -0.69186583326681394546 0.27631256470947623827
-0.37413174884142547105 -0.69186583326681394546 0.27631256470947634929
-0.37413174884142547105 -0.69186583326681394546 0.27631256470947634929
-0.37413174884142552656 -0.69186583326681372341 0.2763125647094764048
-0.37413174884142541554 -0.69186583326681394546 0.27631256470947634929
-0.37413174884142541554 -0.69186583326681383443 0.27631256470947634929
-0.37413174884142547105 -0.69186583326681383443 0.2763125647094764048
-0.37413174884142547105 -0.69186583326681383443 0.2763125647094764048
-0.37413174884142541554 -0.69186583326681383443 0.27631256470947634929
-0.37413174884142541554 -0.69186583326681383443 0.27631256470947634929
-0.37413174884142547105 -0.69186583326681394546 0.2763125647094764048
-0.37413174884142547105 -0.69186583326681383443 0.2763125647094764048
-0.37413174884142552656 -0.69186583326681383443 0.2763125647094764048
-0.37413174884142547105 -0.69186583326681383443 0.2763125647094764048
-0.54930384867053705378 -0.72059692948370968058 0.15588713481939550642

Metadata: 
LoopIdx: 0 21 44 